250
250
1
1
1
1
1
253
2
252
250
250
1
1
1
1
1
1
1
1
1
1
1
1
1
253
3
251
250
250
1
1
1
1
1
1
1
1
1
1
1
1
1
1
1
253
3
251
250
250
1
1
1
1
1
1
1
1
1
1
253
2
252
250
250
1
1
1
1
1
1
1
1
1
1
1
1
1
1
1
253
3
251
250
250
1
1
1
1
1
1
1
1
1
1
1
1
1
1
1
253
3
251
250
250
250
1
1
2
3
4
1
1
1
5
6
7
1
1
1
1
1
70
253
7
252
250
1
1
1
31
32
33
34
35
36
37
38
39
30
253
212
252
250
1
1
1
63
64
65
66
67
68
69
1
60
253
6
251
250
1
1
21
22
23
24
25
26
27
28
20
253
153
251
250
1
1
1
1
1
53
54
55
56
57
58
59
50
253
5
252
250
1
1
1
41
42
43
44
45
46
47
48
40
253
204
252
250
1
1
1
21
22
23
24
25
26
27
28
29
20
253
124
251
250
1
1
2
3
4
1
1
1
1
5
6
7
1
1
1
80
253
8
251
250
1
1
1
1
11
12
13
14
15
16
17
18
10
253
108
252
250
1
1
2
3
4
1
1
1
1
5
6
7
1
1
1
80
253
8
251
250
1
1
1
1
1
63
64
65
66
67
68
69
1
60
253
6
251
250
1
1
1
1
53
54
55
56
57
58
59
50
253
5
252
250
1
1
1
1
21
22
23
24
25
26
27
28
29
20
253
147
252
250
1
1
1
1
31
32
33
34
35
36
37
38
30
253
166
252
250
1
1
63
64
65
66
67
68
69
1
60
253
6
251
250
1
1
1
41
42
43
44
45
46
47
48
40
253
176
251
250
1
1
1
21
22
23
24
25
26
27
28
20
253
113
252
250
1
1
2
3
4
1
1
1
1
5
6
7
1
1
70
253
7
251
250
1
1
1
1
1
53
54
55
56
57
58
59
1
1
50
253
5
252
250
1
1
2
3
4
1
1
1
1
5
6
7
1
70
253
7
251
250
1
1
2
3
4
1
1
1
1
1
5
6
7
1
1
1
1
70
253
7
252
250
1
1
1
11
12
13
14
15
16
17
18
10
253
154
251
250
1
1
2
3
4
1
1
1
1
5
6
7
1
1
1
80
253
8
252
250
1
1
1
1
41
42
43
44
45
46
47
48
40
253
216
252
250
1
1
2
3
4
1
1
1
1
5
6
7
1
1
1
1
70
253
7
251
250
1
1
1
11
12
13
14
15
16
17
18
19
10
253
125
252
250
1
1
1
21
22
23
24
25
26
27
28
20
253
142
251
250
1
1
2
3
4
1
1
1
1
1
5
6
7
1
80
253
8
252
250
1
1
1
1
63
64
65
66
67
68
69
1
1
60
253
6
252
250
1
1
1
1
1
11
12
13
14
15
16
17
18
19
10
253
143
252
250
1
1
2
3
4
1
1
1
1
1
5
6
7
1
1
1
1
80
253
8
252
250
1
1
1
1
31
32
33
34
35
36
37
38
39
1
30
253
217
252
250
1
1
2
3
4
1
1
1
1
1
5
6
7
1
1
70
253
7
252
250
1
1
1
1
53
54
55
56
57
58
59
1
50
253
5
252
250
1
1
1
31
32
33
34
35
36
37
38
30
253
205
252
250
1
1
1
53
54
55
56
57
58
50
253
5
252
250
1
1
2
3
4
1
1
1
1
1
5
6
7
1
1
1
1
70
253
7
251
250
1
1
1
1
31
32
33
34
35
36
37
38
30
253
177
252
250
1
1
1
2
3
4
1
1
1
1
5
6
7
1
1
1
1
80
253
8
251
250
1
1
1
1
41
42
43
44
45
46
47
48
40
253
211
252
250
1
1
2
3
4
1
1
1
1
1
5
6
7
1
1
1
1
80
253
8
252
250
1
1
1
11
12
13
14
15
16
17
18
10
253
148
252
250
1
1
1
1
1
1
63
64
65
66
67
68
60
253
6
252
250
1
1
1
11
12
13
14
15
16
17
18
10
253
114
252
250
1
1
2
3
4
1
1
1
1
1
5
6
7
1
80
253
8
252
250
1
1
1
21
22
23
24
25
26
27
28
20
253
107
251
250
1
1
2
3
4
1
1
1
1
5
6
7
1
1
1
70
253
7
251
250
1
1
1
1
31
32
33
34
35
36
37
38
30
253
181
252
250
1
1
1
1
63
64
65
66
67
68
69
1
60
253
6
251
250
1
1
1
1
41
42
43
44
45
46
47
48
40
253
168
251
250
1
1
1
53
54
55
56
57
58
50
253
5
251
250
1
1
41
42
43
44
45
46
47
48
40
253
196
252
250
250
1
1
2
3
4
1
1
1
5
6
7
1
1
70
253
7
252
250
1
1
2
3
4
1
1
1
1
5
6
7
1
1
1
70
253
7
251
250
1
1
21
22
23
24
25
26
27
28
29
20
253
119
251
250
1
1
1
31
32
33
34
35
36
37
38
30
253
171
252
250
1
1
53
54
55
56
57
58
59
50
253
5
252
250
1
1
1
1
41
42
43
44
45
46
47
48
40
253
162
251
250
1
1
1
41
42
43
44
45
46
47
48
40
253
170
252
250
1
1
2
3
4
1
1
1
1
5
6
7
80
253
8
252
250
1
1
1
11
12
13
14
15
16
17
18
19
10
253
120
252
250
1
1
2
3
4
1
1
1
1
1
5
6
7
1
1
1
80
253
8
251
250
1
1
1
1
1
53
54
55
56
57
58
59
50
253
5
252
250
1
1
1
21
22
23
24
25
26
27
28
29
1
20
253
103
251
250
1
1
2
3
4
1
1
1
1
5
6
7
1
1
1
70
253
7
252
250
1
1
1
31
32
33
34
35
36
37
38
30
253
161
251
250
1
1
2
3
4
1
1
1
1
5
6
7
1
1
70
253
7
252
250
1
1
1
1
21
22
23
24
25
26
27
28
20
253
159
251
250
1
1
1
1
1
53
54
55
56
57
58
59
1
1
50
253
5
252
250
1
1
2
3
4
1
1
1
1
5
6
7
1
1
80
253
8
252
250
1
1
1
31
32
33
34
35
36
37
38
39
30
253
193
252
250
1
1
1
1
11
12
13
14
15
16
17
18
10
253
101
252
250
1
1
1
1
1
63
64
65
66
67
68
69
1
60
253
6
251
250
1
1
1
1
31
32
33
34
35
36
37
38
30
253
208
252
250
1
1
1
1
1
1
63
64
65
66
67
68
69
1
1
1
60
253
6
252
250
1
1
1
21
22
23
24
25
26
27
28
20
253
110
252
250
1
1
1
1
1
1
63
64
65
66
67
68
69
1
60
253
6
251
250
1
1
1
1
11
12
13
14
15
16
17
18
10
253
134
251
250
1
1
2
3
4
1
1
1
1
1
5
6
7
1
1
1
70
253
7
251
250
1
1
1
53
54
55
56
57
58
59
50
253
5
251
250
1
1
1
1
31
32
33
34
35
36
37
38
39
30
253
201
252
250
1
1
1
1
1
1
63
64
65
66
67
68
69
60
253
6
252
250
1
1
2
3
4
1
1
1
1
5
6
7
1
1
1
1
1
1
1
70
253
7
252
250
1
1
2
3
4
1
1
1
1
1
5
6
7
1
1
1
80
253
8
252
250
1
1
1
63
64
65
66
67
68
69
1
1
60
253
6
251
250
1
1
1
11
12
13
14
15
16
17
18
10
253
111
252
250
1
1
2
3
4
1
1
1
1
1
1
5
6
7
1
1
70
253
7
252
250
1
1
21
22
23
24
25
26
27
28
29
20
253
138
252
250
1
1
1
1
31
32
33
34
35
36
37
38
30
253
187
251
250
1
1
2
3
4
1
1
1
1
5
6
7
1
1
80
253
8
251
250
1
1
1
63
64
65
66
67
68
69
1
60
253
6
251
250
1
1
2
3
4
1
1
1
5
6
7
1
1
80
253
8
251
250
1
1
1
1
1
53
54
55
56
57
58
59
50
253
5
251
250
1
1
1
41
42
43
44
45
46
47
48
49
40
253
207
251
250
1
1
1
1
41
42
43
44
45
46
47
48
40
253
192
251
250
1
1
2
3
4
1
1
1
5
6
7
1
1
1
1
1
80
253
8
252
250
1
1
1
11
12
13
14
15
16
17
18
19
10
253
139
251
250
1
1
2
3
4
1
1
1
1
5
6
7
1
1
1
1
1
1
70
253
7
252
250
1
1
1
41
42
43
44
45
46
47
48
40
253
186
252
250
1
1
1
1
11
12
13
14
15
16
17
18
10
253
160
251
250
1
1
2
3
4
1
1
1
1
1
5
6
7
1
1
1
1
1
80
253
8
251
250
1
1
1
41
42
43
44
45
46
47
48
40
253
200
251
250
1
1
1
1
21
22
23
24
25
26
27
28
20
253
133
252
250
1
1
1
1
1
53
54
55
56
57
58
59
50
253
5
251
250
250
1
1
1
1
11
12
13
14
15
16
17
18
19
10
253
109
252
250
1
1
2
3
4
1
1
1
1
1
1
5
6
7
1
1
1
1
80
253
8
251
250
1
1
11
12
13
14
15
16
17
18
10
253
152
252
250
1
1
1
2
3
4
1
1
1
5
6
7
1
1
70
253
7
252
250
1
1
21
22
23
24
25
26
27
28
20
253
151
252
250
1
1
1
2
3
4
1
1
1
1
5
6
7
1
1
80
253
8
252
250
1
1
1
1
31
32
33
34
35
36
37
38
30
253
195
252
250
1
1
1
63
64
65
66
67
68
69
60
253
6
252
250
1
1
2
3
4
1
1
1
1
5
6
7
1
1
1
1
70
253
7
251
250
1
1
1
11
12
13
14
15
16
17
18
10
253
123
252
250
1
1
2
3
4
1
1
1
1
5
6
7
1
1
70
253
7
252
250
1
1
1
1
1
1
53
54
55
56
57
58
59
1
1
50
253
5
252
250
1
1
2
3
4
1
1
1
1
5
6
7
1
1
1
1
70
253
7
252
250
1
1
1
21
22
23
24
25
26
27
28
29
20
253
135
252
250
1
1
2
3
4
1
1
1
1
1
1
1
5
6
7
1
1
1
1
1
80
253
8
252
250
1
1
1
21
22
23
24
25
26
27
28
29
20
253
145
252
250
1
1
2
3
4
1
1
1
5
6
7
1
1
1
1
1
70
253
7
252
250
1
1
1
63
64
65
66
67
68
69
1
60
253
6
251
250
1
1
2
3
4
1
1
1
1
5
6
7
1
1
1
80
253
8
252
250
1
1
1
63
64
65
66
67
68
69
60
253
6
252
250
1
1
1
11
12
13
14
15
16
17
18
19
10
253
122
252
250
1
1
1
1
53
54
55
56
57
58
50
253
5
252
250
1
1
1
41
42
43
44
45
46
47
48
49
40
253
209
251
250
1
1
2
3
4
1
1
1
1
5
6
7
1
1
1
80
253
8
251
250
1
1
1
1
11
12
13
14
15
16
17
18
19
10
253
141
252
250
1
1
2
3
4
1
1
1
1
5
6
7
1
1
1
1
1
80
253
8
252
250
1
1
1
1
1
21
22
23
24
25
26
27
28
29
20
253
140
251
250
1
1
2
3
4
1
1
1
1
5
6
7
1
1
1
70
253
7
252
250
1
1
1
1
31
32
33
34
35
36
37
38
30
253
210
252
250
1
1
2
3
4
1
1
1
1
5
6
7
1
1
1
80
253
8
252
250
1
1
31
32
33
34
35
36
37
38
39
30
253
215
252
250
1
1
1
1
1
1
63
64
65
66
67
68
69
1
1
60
253
6
251
250
1
1
1
31
32
33
34
35
36
37
38
30
253
175
252
250
1
1
1
1
63
64
65
66
67
68
69
1
60
253
6
251
250
1
1
1
41
42
43
44
45
46
47
48
40
253
172
252
250
1
1
1
1
63
64
65
66
67
68
69
60
253
6
251
250
1
1
1
53
54
55
56
57
58
59
1
50
253
5
252
250
1
1
1
1
41
42
43
44
45
46
47
48
40
253
202
252
250
1
1
1
53
54
55
56
57
58
59
50
253
5
252
250
1
1
1
41
42
43
44
45
46
47
48
49
40
253
194
251
250
1
1
1
53
54
55
56
57
58
50
253
5
252
250
1
1
1
11
12
13
14
15
16
17
18
10
253
146
252
250
1
1
41
42
43
44
45
46
47
48
40
253
214
251
250
1
53
54
55
56
57
58
59
1
50
253
5
252
250
1
1
1
31
32
33
34
35
36
37
38
30
253
203
251
250
1
1
2
3
4
1
1
1
5
6
7
1
1
1
70
253
7
252
250
1
1
1
21
22
23
24
25
26
27
28
20
253
121
251
250
1
1
2
3
4
1
1
1
1
1
5
6
7
1
1
1
1
80
253
8
252
250
1
1
31
32
33
34
35
36
37
38
30
253
173
252
250
1
1
2
3
4
1
1
1
1
1
5
6
7
1
1
1
1
70
253
7
251
250
1
1
1
1
21
22
23
24
25
26
27
28
20
253
112
251
250
1
1
1
1
41
42
43
44
45
46
47
48
40
253
174
252
250
250
1
1
1
11
12
13
14
15
16
17
18
10
253
116
252
250
1
1
1
21
22
23
24
25
26
27
28
20
253
144
251
250
1
1
1
63
64
65
66
67
68
60
253
6
251
250
1
1
1
1
31
32
33
34
35
36
37
38
30
253
189
252
250
1
1
1
1
53
54
55
56
57
58
50
253
5
252
250
1
1
1
1
11
12
13
14
15
16
17
18
19
10
253
156
252
250
1
1
2
3
4
1
1
1
1
1
5
6
7
1
1
1
1
70
253
7
252
250
1
1
2
3
4
1
1
1
1
5
6
7
1
1
1
1
80
253
8
252
250
1
1
1
21
22
23
24
25
26
27
28
20
253
155
252
250
1
1
1
1
1
1
53
54
55
56
57
58
59
1
1
1
50
253
5
251
250
1
1
1
1
41
42
43
44
45
46
47
48
40
253
188
251
250
1
1
1
1
1
1
63
64
65
66
67
68
69
60
253
6
252
250
1
1
1
21
22
23
24
25
26
27
28
20
253
115
251
250
1
1
2
3
4
1
1
1
1
1
5
6
7
1
1
1
80
253
8
252
250
1
1
1
1
41
42
43
44
45
46
47
48
40
253
178
252
250
1
1
1
31
32
33
34
35
36
37
38
30
253
163
251
250
1
1
2
3
4
1
1
1
1
5
6
7
1
1
1
70
253
7
252
250
1
1
1
41
42
43
44
45
46
47
48
40
253
218
251
250
1
1
1
1
63
64
65
66
67
68
69
60
253
6
252
250
1
1
1
1
31
32
33
34
35
36
37
38
30
253
179
252
250
1
1
2
3
4
1
1
1
1
1
1
5
6
7
1
1
80
253
8
251
250
1
1
2
3
4
1
1
1
1
1
5
6
7
1
1
80
253
8
252
250
1
1
1
1
1
1
53
54
55
56
57
58
59
1
50
253
5
252
250
1
1
2
3
4
1
1
1
1
5
6
7
1
1
1
1
70
253
7
252
250
1
1
1
1
63
64
65
66
67
68
69
60
253
6
251
250
1
1
1
11
12
13
14
15
16
17
18
10
253
150
252
250
1
1
2
3
4
1
1
1
1
1
5
6
7
1
1
80
253
8
252
250
1
1
1
31
32
33
34
35
36
37
38
39
30
253
219
251
250
1
1
2
3
4
1
1
1
1
1
5
6
7
1
1
1
70
253
7
252
250
1
1
1
41
42
43
44
45
46
47
48
40
253
182
252
250
1
1
2
3
4
1
1
1
1
5
6
7
1
1
70
253
7
252
250
1
1
2
3
4
1
1
1
1
5
6
7
1
70
253
7
252
250
1
1
1
1
63
64
65
66
67
68
69
60
253
6
252
250
1
1
1
21
22
23
24
25
26
27
28
29
20
253
126
251
250
1
1
1
11
12
13
14
15
16
17
18
10
253
127
252
250
1
1
2
3
4
1
1
1
1
5
6
7
1
1
1
1
1
80
253
8
251
250
1
1
1
31
32
33
34
35
36
37
38
30
253
197
252
250
1
1
1
53
54
55
56
57
58
59
50
253
5
252
250
1
1
1
21
22
23
24
25
26
27
28
20
253
149
251
250
1
1
2
3
4
1
1
1
1
5
6
7
1
1
1
70
253
7
252
250
1
1
1
41
42
43
44
45
46
47
48
40
253
213
252
250
1
1
2
3
4
1
1
1
1
5
6
7
1
1
1
80
253
8
252
250
1
1
1
21
22
23
24
25
26
27
28
29
20
253
105
251
250
1
1
1
11
12
13
14
15
16
17
18
10
253
106
252
250
1
1
2
3
4
1
1
1
5
6
7
1
1
1
80
253
8
252
250
1
1
1
1
31
32
33
34
35
36
37
38
30
253
183
252
250
1
1
2
3
4
1
1
1
1
5
6
7
1
1
1
70
253
7
251
250
1
1
1
41
42
43
44
45
46
47
48
49
1
40
253
167
251
250
1
1
1
63
64
65
66
67
68
69
1
1
60
253
6
252
250
1
1
11
12
13
14
15
16
17
18
19
10
253
130
252
250
1
1
1
1
1
53
54
55
56
57
58
59
1
50
253
5
252
250
1
1
53
54
55
56
57
58
59
1
1
50
253
5
252
250
250
1
1
1
53
54
55
56
57
58
59
1
50
253
5
252
250
1
1
63
64
65
66
67
68
69
60
253
6
252
250
1
1
2
3
4
1
1
1
1
1
5
6
7
1
1
80
253
8
252
250
1
1
1
1
41
42
43
44
45
46
47
48
40
253
198
251
250
1
1
1
11
12
13
14
15
16
17
18
10
253
158
252
250
1
1
2
3
4
1
1
1
5
6
7
1
1
1
70
253
7
252
250
1
1
2
3
4
1
1
1
1
5
6
7
1
1
80
253
8
251
250
1
1
1
1
21
22
23
24
25
26
27
28
20
253
131
252
250
1
1
2
3
4
1
1
1
1
5
6
7
1
1
80
253
8
252
250
1
1
1
1
1
63
64
65
66
67
68
69
60
253
6
251
250
1
1
1
11
12
13
14
15
16
17
18
10
253
129
251
250
1
1
1
1
31
32
33
34
35
36
37
38
30
253
169
252
250
1
1
2
3
4
1
1
1
1
1
5
6
7
1
1
70
253
7
251
250
1
1
1
21
22
23
24
25
26
27
28
20
253
136
252
250
1
1
2
3
4
1
1
1
1
5
6
7
1
1
1
1
1
70
253
7
252
250
1
1
1
1
41
42
43
44
45
46
47
48
40
253
184
252
250
1
1
1
53
54
55
56
57
58
59
1
50
253
5
252
250
1
1
2
3
4
1
1
1
1
5
6
7
1
1
1
1
80
253
8
252
250
1
1
1
1
31
32
33
34
35
36
37
38
30
253
165
252
250
1
1
2
3
4
1
1
1
1
5
6
7
1
1
1
1
80
253
8
251
250
1
1
1
1
1
1
63
64
65
66
67
68
69
60
253
6
251
250
1
1
11
12
13
14
15
16
17
18
19
10
253
137
252
250
1
1
2
3
4
1
1
1
1
1
5
6
7
1
1
1
70
253
7
252
250
1
1
1
11
12
13
14
15
16
17
18
10
253
102
252
250
1
1
2
3
4
1
1
1
1
5
6
7
1
1
1
1
70
253
7
252
250
1
1
2
3
4
1
1
1
1
5
6
7
1
1
80
253
8
252
250
1
1
1
21
22
23
24
25
26
27
28
29
20
253
117
252
250
1
1
1
1
31
32
33
34
35
36
37
38
39
30
253
199
252
250
1
1
2
3
4
1
1
1
1
5
6
7
1
1
1
80
253
8
252
250
1
1
1
63
64
65
66
67
68
60
253
6
251
250
1
1
1
11
12
13
14
15
16
17
18
10
253
118
252
250
1
1
1
1
41
42
43
44
45
46
47
48
40
253
220
251
250
1
1
1
1
53
54
55
56
57
58
59
1
1
1
50
253
5
252
250
1
1
1
41
42
43
44
45
46
47
48
49
40
253
164
252
250
1
1
1
1
1
53
54
55
56
57
58
59
50
253
5
251
250
1
1
1
1
41
42
43
44
45
46
47
48
49
40
253
190
251
250
1
1
1
1
1
53
54
55
56
57
58
59
50
253
5
252
250
1
1
1
31
32
33
34
35
36
37
38
30
253
191
252
250
1
1
1
1
31
32
33
34
35
36
37
38
30
253
206
251
250
1
1
2
3
4
1
1
1
5
6
7
1
1
1
80
253
8
252
250
1
1
1
1
41
42
43
44
45
46
47
48
40
253
180
252
250
1
1
2
3
4
1
1
1
1
5
6
7
1
1
1
1
70
253
7
251
250
1
1
1
31
32
33
34
35
36
37
38
30
253
185
252
250
1
1
1
1
63
64
65
66
67
68
69
1
60
253
6
251
250
1
1
1
21
22
23
24
25
26
27
28
20
253
104
252
250
1
1
1
1
1
63
64
65
66
67
68
69
1
1
60
253
6
251
250
1
1
2
3
4
1
1
1
1
5
6
7
1
1
1
70
253
7
252
250
1
1
2
3
4
1
1
1
1
5
6
7
1
1
1
1
70
253
7
251
250
1
1
1
11
12
13
14
15
16
17
18
19
10
253
132
252
250
1
1
1
1
53
54
55
56
57
58
59
1
50
253
5
251
250
1
1
1
21
22
23
24
25
26
27
28
20
253
157
251
250
1
1
1
21
22
23
24
25
26
27
28
20
253
128
252
250