250
1
1
1
1
1
253
2
252
250
250
1
1
1
1
1
1
1
1
1
1
1
1
1
253
3
251
250
250
1
1
1
1
1
1
1
1
1
1
1
1
1
1
1
253
3
251
250
250
1
1
1
1
1
1
1
1
1
1
253
2
252
250
250
1
1
1
1
1
1
1
1
1
1
1
1
1
1
1
253
3
251
250
250
1
1
1
1
1
1
1
1
1
1
1
1
1
1
1
253
3
251
250
250
250
9
172020730207402011117502076020770201170020253
972252
250
111115305454054550545605457054580545905450054253
952252
250
111410614206143061440614506146061470614806140061253
941251
250
111115300354003550035600357003580035900350003253
952252
250
1111210342203423034240342503426034270342803420034253
921251
250
111115303654036550365603657036580365903650036253
952252
250
111141101421014310144101451014610147101481014910140101253
941252
250
111630526405265052660526705268052690521160052253
961252
250
111410714207143071440714507146071470714807140071253
941252
250
111310703207033070340703507036070370703807030070253
932252
250
118207583075840751111185075860758707511180075253
981251
250
1111210012200123001240012500126001270012800120001253
921251
250
11131107321073310734107351073610737107381073910730107253
932251
250
11111163007640076500766007670076800769007160007253
961251
250
11820508305084050111185050860508705011111180050253
982252
250
117206573065740651111175065760657706511170065253
971251
250
111210112201123011240112501126011270112801120011253
921252
250
117202573025740251117502576025770251170025253
971252
250
111110031200313003140031500316003170031800319003110003253
912252
250
1111116300464004650046600467004680046900460004253
961252
250
1111310923209233092340923509236092370923809230092253
932252
250
117204573045740451111175045760457704511170045253
971251
250
111110101201013010140101501016010170101801010010253
912252
250
118205583055840551111118505586055870551180055253
981251
250
1111110591205913059140591505916059170591805910059253
912252
250
118201083010840101118501086010870101180010253
982252
250
11121020220202302024020250202602027020280202902020020253
921251
250
1182030830308403011118503086030870301180030253
982252
250
11141093420934309344093450934609347093480934909340093253
941252
250
1111411084210843108441084510846108471084810840108253
941252
250
1111163038640386503866038670386803869038160038253
961251
250
117204073040740401117504076040770401111170040253
972251
250
1111038120381303814038150381603817038180381903810038253
912251
250
11720807308074080111175080760807708070080253
972252
250
11121039220392303924039250392603927039280392903920039253
921252
250
1111310623206233062340623506236062370623806230062253
932252
250
11820358303584035111185035860358703511180035253
981251
250
111311003210033100341003510036100371003810030100253
932252
250
11820158301584015111185015860158701511180015253
981251
250
1111410874208743087440874508746087470874808740087253
941252
250
1111116301964019650196601967019680196901911160019253
961251
250
111310863208633086340863508636086370863808630086253
932252
250
1172005730057400511117500576005770051170005253
971251
250
1115305154051550515605157051580515905150051253
952252
250
11720607306074060111117506076060770601111170060253
972252
250
1111019120191301914019150191601917019180191901910019253
912252
250
1111210602206023060240602506026060270602806020060253
921252
250
11111530185401855018560185701858018590181150018253
952252
250
118207083070840701111850708607087070111111180070253
982252
250
115300554005550055600557005580055900550005253
952252
250
11163060640606506066060670606806069060160060253
961251
250
1111110331203313033140331503316033170331803310033253
912252
250
250
11153023540235502356023570235802350023253
952252
250
1117207773077740771111750777607777077111170077253
971251
250
11820278302784027111118502786027870271180027253
981251
250
111110131201313013140131501316013170131801310013253
912251
250
1111310683206833068340683506836068370683806830068253
932252
250
1182042830428404211111850428604287042111180042253
982252
250
1111410814208143081440814508146081470814808140081253
941251
250
1163011640116501166011670116801169011160011253
961251
250
111311043210433104341043510436104371043810430104253
932252
250
1111630326403265032660326703268032690321160032253
961251
250
11310963209633096340963509636096370963809630096253
932252
250
11820028300284002111185002860028700211180002253
982252
250
1111121043220432304324043250432604327043280432904320043253
921252
250
111110421204213042140421504216042170421804210042253
912252
250
11111163044640446504466044670446804460044253
961251
250
1182067830678406711111850678606787067111180067253
981251
250
11720327303274032111175032760327703211170032253
972252
250
11121025220252302524025250252602527025280252902520025253
921251
250
111210142201423014240142501426014270142801420014253
921251
250
11111530275402755027560275702758027590271150027253
952252
250
1111210082200823008240082500826008270082800820008253
921251
250
1172072730727407211111750727607277072170072253
972252
250
11110531205313053140531505316053170531805310053253
912251
250
111163055640556505566055670556805569055160055253
961251
250
111210542205423054240542505426054270542805420054253
921252
250
1172052730527405211111750527605277052111170052253
972252
250
111210482204823048240482504826048270482804820048253
921252
250
1182022830228402211118502286022870221180022253
982252
250
111310763207633076340763507636076370763807630076253
932252
250
11720377303774037111175037760377703711170037253
971251
250
11153040540405504056040570405804050040253
952252
250
111411054210543105441054510546105471054810540105253
941251
250
11163024640246502466024670246802469024160024253
961251
250
1111311113211133111341113511136111371113811130111253
932252
250
1172057730577405711111750577605777057111170057253
971251
250
111111047120471304714047150471604717047180471904710047253
912251
250
118204783047840471111850478604787047180047253
981251
250
1111411174211743117441174511746117471174811749117140117253
941251
250
111153057540575505756057570575805759057150057253
952252
250
1111410774207743077440774507746077470774807740077253
941251
250
118206283062840621118506286062870621111180062253
982252
250
111110071200713007140071500716007170071800710007253
912252
250
1172012730127401211111750127601277012170012253
972252
250
1111410664206643066440664506646066470664806640066253
941252
250
11115304354043550435604357043580435904350043253
952252
250
11141112421124311244112451124611247112481124911240112253
941251
250
111115301054010550105601057010580105901050010253
952252
250
1111163015640156501566015670156801569015160015253
961251
250
118200783007840071111850078600787007111180007253
981251
250
11111024120241302414024150241602417024180241902410024253
912252
250
11720177301774017111175017760177701711170017253
971251
250
1111311163211633116341163511636116371163811630116253
932252
250
250
11210522205223052240522505226052270522805220052253
921251
250
1172036730367403611111750367603677036111170036253
972252
250
111111630536405365053660536705368053690531160053253
961251
250
111210232202323023240232502326023270232802320023253
921251
250
153056540565505656056570565805659056150056253
952252
250
1111410954209543095440954509546095470954809540095253
941251
250
11172001730017400111117500176001770011170001253
971251
250
1111110121201213012140121501216012170121801210012253
912252
250
1172016730167401611111117501676016770161111170016253
972252
250
11311143211433114341143511436114371143811430114253
932252
250
111411034210343103441034510346103471034810340103253
941251
250
1118200683006840061118500686006870061180006253
982251
250
11121022220222302224022250222602227022280222902220022253
921251
250
11116304264042650426604267042680426904260042253
961251
250
111111530285402855028560285702858028590281150028253
952252
250
11131094320943309434094350943609437094380943909430094253
932252
250
1182031830318403111111850318603187031111180031253
981251
250
111310723207233072340723507236072370723807230072253
932251
250
1182051830518405111118505186051870511180051253
981251
250
1111311023210233102341023510236102371023810230102253
932252
250
118202683026840261118502686026870261111180026253
982251
250
111121009220092300924009250092600927009280092900920009253
921251
250
111210462204623046240462504626046270462804620046253
921251
250
11720617306174061111111750617606177061111170061253
971251
250
111110211202113021140211502116021170211802110021253
912251
250
1141115421154311544115451154611547115481154911540115253
941251
250
11820668306684066111185066860668706611180066253
982252
250
11410734207343073440734507346073470734807340073253
941252
250
1111111040120401304014040150401604017040180401904010040253
912252
250
118207183071840711111850718607187071111180071253
981251
250
11131109321093310934109351093610937109381093910930109253
932252
250
1182046830468404611185046860468704611180046253
982251
250
111153006540065500656006570065800650006253
952252
250
11720217302174021111175021760217702111170021253
971251
250
11110511205113051140511505116051170511805110051253
912252
250
111163059640596505966059670596805969059160059253
961251
250
1172076730767407611117507676076770761111170076253
972252
250
111410754207543075440754507546075470754807540075253
941252
250
11111035120351303514035150351603517035180351903510035253
912252
250
11153035540355503556035570355803550035253
952252
250
1111411104211043110441104511046110471104811040110253
941251
250
1115302054020550205602057020580205902050020253
952252
250
11720567305674056111175056760567705611170056253
972251
250
11153041540415504156041570415804159041150041253
952252
250
1116302164021650216602167021680216902160021253
961252
250
118201183011840111111850118601187011111180011253
981251
250
11111045120451304514045150451604517045180451904510045253
912252
250
111121041220412304124041250412604127041280412904120041253
921251
250
11163022640226502266022670226802269022160022253
961251
250
1111310743207433074340743507436074370743807430074253
932252
250
11720417304174041111175041760417704111170041253
971251
250
1116300964009650096600967009680096900960009253
961251
250
250
1111411064210643106441064510646106471064810640106253
941251
250
11720697306974069111117506976069770691170069253
971251
250
1111110311203113031140311503116031170311803110031253
912252
250
118201983019840191111850198601987019111180019253
981251
250
1182034830348403411185034860348703411180034253
982252
250
111110361203613036140361503616036170361803610036253
912252
250
1172029730297402911175029760297702911170029253
971251
250
11163050640506505066050670506805060050253
961252
250
11153016540165501656016570165801659016150016253
952251
250
1111311203212033120341203512036120371203812030120253
932251
250
117204973049740491111750497604977049111170049253
971251
250
11115304854048550485604857048580485904811150048253
952252
250
111115303054030550305603057030580305903050030253
952252
250
111131090320903309034090350903609037090380903909030090253
932251
250
116300264002650026600267002680026900260002253
961251
250
1111310803208033080340803508036080370803808030080253
932251
250
11820798307984079111118507986079870791180079253
981251
250
111110281202813028140281502816028170281802810028253
912252
250
1172009730097400911117500976009770091170009253
971251
250
111110041200413004140041500416004170041800410004253
912252
250
11820548305484054111185054860548705411180054253
982252
250
1111116303464034650346603467034680346903460034253
961251
250
1111410654206543065440654506546065470654806540065253
941251
250
1121037220372303724037250372603727037280372903720037253
921251
250
11153008540085500856008570085800859008150008253
952252
250
111210582205823058240582505826058270582805820058253
921252
250
111153058540585505856058570585805859058150058253
952252
250
111410854208543085440854508546085470854808540085253
941251
250
118201483014840141111185014860148701411180014253
982252
250
1111310843208433084340843508436084370843808430084253
932252
250
118205983059840591111850598605987059111180059253
981251
250
111116301764017650176601767017680176901760017253
961251
250
11111017120171301714017150171601717017180171901710017253
912252
250
117204473044740441111750447604477044111170044253
972251
250
111410914209143091440914509146091470914809140091253
941251
250
111163031640316503166031670316803169031160031253
961252
250
11131064320643306434064350643606437064380643906430064253
932252
250
1172024730247402411117502476024770241170024253
972252
250
111210022200223002240022500226002270022800220002253
921251
250
1172064730647406411117506476064770641170064253
972251
250
111210292202923029240292502926029270292802920029253
921251
250
11111630256402565025660256702568025690251160025253
961251
250
11121032220322303224032250322603227032280322903220032253
921251
250
11720047300474004111175004760047700411170004253
972252
250
111141099420994309944099450994609947099480994909940099253
941251
250
111110571205713057140571505716057170571805710057253
912251
250
1182074830748407411118507486074870741111180074253
982252
250
111210182201823018240182501826018270182801820018253
921251
250
111115300154001550015600157001580015900150001253
952252
250
118203983039840391111850398603987039111180039253
981251
250
1111310983209833098340983509836098370983809830098253
932252
250
1111410694206943069440694506946069470694806940069253
941251
250
250
1121030220302303024030250302603027030280302903020030253
921251
250
1172033730337403311175033760337703311170033253
971251
250
111110491204913049140491504916049170491804910049253
912252
250
118207883078840781111850788607887078180078253
982252
250
1111115304554045550455604557045580455904511150045253
952252
250
111210272202723027240272502726027270272802720027253
921251
250
1115302654026550265602657026580265902650026253
952252
250
117205373053740531111117505376053770531170053253
971251
250
11163013640136501366013670136801360013253
961251
250
11111005120051300514005150051600517005180051900510005253
912252
250
111410974209743097440974509746097470974809740097253
941251
250
1111153012540125501256012570125801259012150012253
952252
250
111630296402965029660296702968029690291160029253
961251
250
11111026120261302614026150261602617026180261902610026253
912252
250
11116304664046650466604667046680466904660046253
961251
250
111311133211333113341133511336113371133811330113253
932252
250
11820188301884018111185018860188701811180018253
982252
250
111210062200623006240062500626006270062800620006253
921251
250
11116303764037650376603767037680376903760037253
961251
250
111110151201513015140151501516015170151801510015253
912252
250
1111410834208343083440834508346083470834808340083253
941251
250
118203883038840381111850388603887038111180038253
982252
250
111310673206733067340673506736067370673806739067130067253
932252
250
1182063830638406311118506386063870631180063253
981251
250
111110441204413044140441504416044170441804410044253
912252
250
1111116303964039650396603967039680396903960039253
961251
250
1111310783207833078340783507836078370783807830078253
932252
250
111311183211833118341183511836118371183811830118253
932252
250
118200383003840031111185003860038700311180003253
981251
250
1111310883208833088340883508836088370883808830088253
932252
250
1182023830238402311111850238602387023111180023253
981251
250
1111410894208943089440894508946089470894808940089253
941251
250
111153049540495504956049570495804950049253
952252
250
11820438304384043111185043860438704311180043253
981251
250
111110551205513055140551505516055170551805510055253
912252
250
111310823208233082340823508236082370823808230082253
932252
250
11111153033540335503356033570335803359033150033253
952252
250
1111410794207943079440794507946079470794807940079253
941251
250
11820588305884058111185058860588705811180058253
982252
250
111121056220562305624056250562605627056280562905620056253
921252
250
11720087300874008111175008760087700811170008253
972252
250
11720487304874048111117504876048770481170048253
972252
250
11530475404755047560475704758047590471150047253
952252
250
111210502205023050240502505026050270502805020050253
921252
250
11720137301374013111117501376013770131170013253
971251
250
111410634206343063440634506346063470634806340063253
941251
250
117206873068740681111750687606877068111170068253
972252
250
11116301464014650146601467014680146901460014253
961251
250
111210162201623016240162501626016270162801620016253
921251
250
117202873028740281111175028760287702811170028253
972252
250
11141119421194311944119451194611947119481194911940119253
941251
250
1172073730737407311117507376073770731111170073253
971251
250
250