252
250
250
1
1
1
1
1
1
1
1
1
1
1
1
1
253
3
251
250
250
1
1
1
1
1
1
1
1
1
1
1
1
1
1
1
253
3
251
250
250
1
1
1
1
1
1
1
1
1
1
253
2
252
250
250
1
1
1
1
1
1
1
1
1
1
1
1
1
1
1
253
3
251
250
250
1
1
1
1
1
1
1
1
1
1
1
1
1
1
1
253
3
251
250
250
250
1
1
2
3
4
1
1
1
1
5
6
7
1
1
1
80
253
8
251
250
1
1
1
1
41
42
43
44
45
46
47
48
40
253
208
252
250
1
1
1
63
64
65
66
67
68
69
1
1
60
253
6
251
250
1
1
1
53
54
55
56
57
58
59
50
253
5
252
250
1
1
1
1
21
22
23
24
25
26
27
28
20
253
160
252
250
1
1
1
1
1
53
54
55
56
57
58
59
50
253
5
252
250
1
1
1
41
42
43
44
45
46
47
48
49
40
253
193
252
250
1
1
2
3
4
1
1
1
1
1
5
6
7
1
1
1
70
253
7
251
250
1
1
1
31
32
33
34
35
36
37
38
30
253
170
252
250
1
1
2
3
4
1
1
1
1
5
6
7
1
1
1
80
253
8
251
250
1
1
1
31
32
33
34
35
36
37
38
30
253
200
252
250
1
1
2
3
4
1
1
1
1
1
5
6
7
1
1
1
70
253
7
251
250
1
1
1
1
11
12
13
14
15
16
17
18
10
253
159
252
250
1
1
1
1
1
1
63
64
65
66
67
68
69
1
60
253
6
252
250
1
1
53
54
55
56
57
58
59
50
253
5
252
250
1
1
2
3
4
1
1
1
1
5
6
7
1
1
70
253
7
252
250
1
1
2
3
4
1
1
1
1
5
6
7
1
1
70
253
7
252
250
1
1
1
1
21
22
23
24
25
26
27
28
20
253
101
251
250
1
1
2
3
4
1
1
1
1
5
6
7
70
253
7
252
250
1
1
1
41
42
43
44
45
46
47
48
40
253
171
251
250
1
1
1
1
1
63
64
65
66
67
68
69
1
60
253
6
251
250
1
1
1
1
1
53
54
55
56
57
58
59
50
253
5
252
250
1
1
2
3
4
1
1
1
1
5
6
7
1
1
80
253
8
252
250
1
1
1
63
64
65
66
67
68
69
1
60
253
6
251
250
1
1
2
3
4
1
1
1
1
1
5
6
7
1
1
1
1
1
70
253
7
252
250
1
1
1
1
31
32
33
34
35
36
37
38
30
253
162
251
250
1
1
1
21
22
23
24
25
26
27
28
29
20
253
120
252
250
1
1
1
1
1
1
63
64
65
66
67
68
69
60
253
6
252
250
1
1
11
12
13
14
15
16
17
18
19
10
253
119
252
250
1
1
2
3
4
1
1
1
1
1
5
6
7
1
1
1
80
253
8
251
250
1
1
1
21
22
23
24
25
26
27
28
29
20
253
139
252
250
1
1
2
3
4
1
1
1
1
5
6
7
1
1
1
1
1
1
1
80
253
8
252
250
1
1
1
11
12
13
14
15
16
17
18
19
1
10
253
103
251
250
1
1
1
1
1
53
54
55
56
57
58
59
50
253
5
252
250
1
1
1
1
41
42
43
44
45
46
47
48
49
40
253
201
252
250
1
1
11
12
13
14
15
16
17
18
19
10
253
138
252
250
1
1
2
3
4
1
1
1
1
5
6
7
1
1
1
1
1
1
80
253
8
252
250
1
1
1
41
42
43
44
45
46
47
48
40
253
161
252
250
1
1
1
31
32
33
34
35
36
37
38
39
30
253
207
252
250
1
1
1
1
1
1
63
64
65
66
67
68
69
1
1
1
60
253
6
252
250
1
1
1
1
11
12
13
14
15
16
17
18
10
253
133
252
250
1
1
2
3
4
1
1
1
1
1
1
5
6
7
1
1
80
253
8
252
250
1
1
1
1
21
22
23
24
25
26
27
28
20
253
134
252
250
1
1
2
3
4
1
1
1
5
6
7
1
1
80
253
8
252
250
1
1
1
1
41
42
43
44
45
46
47
48
40
253
187
252
250
1
1
2
3
4
1
1
1
5
6
7
1
1
1
1
1
70
253
7
251
250
1
1
1
31
32
33
34
35
36
37
38
30
253
186
252
250
1
1
2
3
4
1
1
1
5
6
7
1
1
70
253
7
251
250
1
1
1
1
31
32
33
34
35
36
37
38
30
253
192
252
250
1
1
1
21
22
23
24
25
26
27
28
20
253
111
252
250
1
1
1
1
1
53
54
55
56
57
58
59
1
1
50
253
5
252
250
1
1
1
11
12
13
14
15
16
17
18
10
253
110
252
250
250
1
1
2
3
4
1
1
1
1
1
5
6
7
1
1
70
253
7
251
250
1
1
1
21
22
23
24
25
26
27
28
20
253
116
251
250
1
1
2
3
4
1
1
1
1
1
5
6
7
1
1
1
1
80
253
8
252
250
1
1
1
31
32
33
34
35
36
37
38
30
253
213
252
250
1
1
1
41
42
43
44
45
46
47
48
49
40
253
219
251
250
1
1
2
3
4
1
1
1
1
5
6
7
1
1
1
1
70
253
7
252
250
1
1
1
1
41
42
43
44
45
46
47
48
40
253
179
252
250
1
1
1
1
63
64
65
66
67
68
69
60
253
6
251
250
1
1
1
41
42
43
44
45
46
47
48
40
253
163
251
250
1
1
2
3
4
1
1
1
1
5
6
7
1
1
1
70
253
7
252
250
1
1
1
11
12
13
14
15
16
17
18
10
253
115
252
250
1
1
1
1
1
1
63
64
65
66
67
68
69
60
253
6
252
250
1
1
1
21
22
23
24
25
26
27
28
20
253
127
251
250
1
1
2
3
4
1
1
1
1
1
1
5
6
7
1
1
70
253
7
251
250
1
1
1
53
54
55
56
57
58
59
50
253
5
251
250
1
1
1
11
12
13
14
15
16
17
18
19
10
253
126
252
250
1
1
1
31
32
33
34
35
36
37
38
39
1
30
253
167
251
250
1
1
2
3
4
1
1
1
1
5
6
7
1
1
80
253
8
251
250
1
1
1
41
42
43
44
45
46
47
48
40
253
197
251
250
1
1
2
3
4
1
1
1
1
5
6
7
1
1
1
80
253
8
252
250
1
1
1
31
32
33
34
35
36
37
38
30
253
182
251
250
1
1
2
3
4
1
1
1
1
5
6
7
1
1
1
80
253
8
251
250
1
1
1
63
64
65
66
67
68
60
253
6
251
250
1
1
2
3
4
1
1
1
1
1
5
6
7
1
1
70
253
7
251
250
1
1
1
1
41
42
43
44
45
46
47
48
40
253
183
252
250
1
1
1
1
1
53
54
55
56
57
58
59
1
50
253
5
251
250
1
1
1
1
63
64
65
66
67
68
69
60
253
6
251
250
1
1
2
3
4
1
1
1
1
5
6
7
1
1
1
1
80
253
8
252
250
1
1
1
1
63
64
65
66
67
68
69
60
253
6
251
250
1
1
1
11
12
13
14
15
16
17
18
10
253
155
252
250
1
1
1
11
12
13
14
15
16
17
18
19
10
253
105
252
250
1
1
2
3
4
1
1
1
5
6
7
1
1
1
70
253
7
251
250
1
1
1
1
1
1
53
54
55
56
57
58
59
1
1
1
50
253
5
252
250
1
1
1
21
22
23
24
25
26
27
28
20
253
106
252
250
1
1
2
3
4
1
1
1
1
1
5
6
7
1
1
1
70
253
7
252
250
1
1
1
31
32
33
34
35
36
37
38
30
253
218
251
250
1
1
2
3
4
1
1
1
1
1
5
6
7
1
1
1
80
253
8
251
250
1
1
1
21
22
23
24
25
26
27
28
20
253
150
252
250
1
1
1
1
53
54
55
56
57
58
50
253
5
252
250
1
1
2
3
4
1
1
1
1
5
6
7
1
1
1
1
1
70
253
7
251
250
1
1
1
1
31
32
33
34
35
36
37
38
30
253
188
252
250
1
1
1
1
41
42
43
44
45
46
47
48
40
253
189
252
250
1
1
1
1
1
1
53
54
55
56
57
58
59
1
50
253
5
252
250
1
1
53
54
55
56
57
58
59
1
1
50
253
5
252
250
1
1
1
11
12
13
14
15
16
17
18
10
253
149
252
250
1
1
2
3
4
1
1
1
1
5
6
7
1
1
1
80
253
8
251
250
1
1
1
1
31
32
33
34
35
36
37
38
30
253
178
252
250
1
1
1
11
12
13
14
15
16
17
18
10
253
144
251
250
1
1
1
63
64
65
66
67
68
69
1
1
60
253
6
251
250
1
1
1
1
21
22
23
24
25
26
27
28
29
20
253
156
251
250
1
1
21
22
23
24
25
26
27
28
29
20
253
130
251
250
1
1
2
3
4
1
1
1
1
5
6
7
1
80
253
8
252
250
250
1
1
1
1
31
32
33
34
35
36
37
38
30
253
202
252
250
1
1
11
12
13
14
15
16
17
18
10
253
151
252
250
1
1
2
3
4
1
1
1
1
5
6
7
1
1
1
1
80
253
8
251
250
1
1
1
63
64
65
66
67
68
69
60
253
6
252
250
1
1
1
1
1
11
12
13
14
15
16
17
18
19
10
253
140
252
250
1
1
1
2
3
4
1
1
1
5
6
7
1
1
80
253
8
252
250
1
1
1
11
12
13
14
15
16
17
18
19
10
253
135
252
250
1
1
1
63
64
65
66
67
68
69
1
60
253
6
252
250
1
1
1
11
12
13
14
15
16
17
18
10
253
121
252
250
1
1
2
3
4
1
1
1
1
1
5
6
7
1
1
1
1
80
253
8
251
250
1
1
31
32
33
34
35
36
37
38
30
253
214
252
250
1
1
2
3
4
1
1
1
1
5
6
7
1
1
1
70
253
7
252
250
1
1
1
21
22
23
24
25
26
27
28
29
20
253
122
251
250
1
1
1
63
64
65
66
67
68
69
60
253
6
252
250
1
1
1
1
41
42
43
44
45
46
47
48
40
253
195
251
250
1
1
2
3
4
1
1
1
5
6
7
1
1
1
80
253
8
251
250
1
1
2
3
4
1
1
1
5
6
7
1
1
1
1
1
80
253
8
252
250
1
1
1
1
63
64
65
66
67
68
69
1
60
253
6
252
250
1
1
1
1
31
32
33
34
35
36
37
38
30
253
174
251
250
1
1
2
3
4
1
1
1
1
5
6
7
1
1
1
70
253
7
251
250
1
1
2
3
4
1
1
1
1
5
6
7
1
1
80
253
8
252
250
1
1
1
31
32
33
34
35
36
37
38
39
30
253
194
252
250
1
1
1
1
1
1
63
64
65
66
67
68
69
1
1
60
253
6
251
250
1
1
1
1
53
54
55
56
57
58
50
253
5
252
250
1
1
1
31
32
33
34
35
36
37
38
39
30
253
209
252
250
1
1
2
3
4
1
1
1
1
1
5
6
7
1
1
1
1
70
253
7
252
250
1
1
1
1
21
22
23
24
25
26
27
28
29
20
253
109
252
250
1
1
1
53
54
55
56
57
58
59
1
50
253
5
252
250
1
1
1
1
21
22
23
24
25
26
27
28
29
20
253
141
251
250
1
1
1
41
42
43
44
45
46
47
48
40
253
203
251
250
1
1
1
2
3
4
1
1
1
1
5
6
7
1
1
70
253
7
251
250
1
1
1
1
11
12
13
14
15
16
17
18
10
253
112
252
250
1
1
2
3
4
1
1
1
1
5
6
7
1
1
1
70
253
7
251
250
1
1
41
42
43
44
45
46
47
48
40
253
173
251
250
1
1
21
22
23
24
25
26
27
28
20
253
152
251
250
1
1
1
53
54
55
56
57
58
50
253
5
252
250
1
1
1
21
22
23
24
25
26
27
28
20
253
146
251
250
1
1
2
3
4
1
1
1
1
5
6
7
1
1
1
80
253
8
252
250
1
1
41
42
43
44
45
46
47
48
49
40
253
215
251
250
1
1
2
3
4
1
1
1
1
1
1
5
6
7
1
1
1
1
70
253
7
251
250
1
1
1
53
54
55
56
57
58
59
50
253
5
252
250
1
1
2
3
4
1
1
1
1
5
6
7
1
1
1
1
80
253
8
251
250
1
53
54
55
56
57
58
59
1
50
253
5
252
250
1
1
1
21
22
23
24
25
26
27
28
20
253
123
251
250
1
1
1
1
63
64
65
66
67
68
69
60
253
6
251
250
1
1
1
11
12
13
14
15
16
17
18
19
10
253
145
251
250
1
1
1
1
41
42
43
44
45
46
47
48
40
253
210
252
250
1
1
2
3
4
1
1
1
1
1
1
1
5
6
7
1
1
1
1
1
70
253
7
252
250
1
1
1
41
42
43
44
45
46
47
48
40
253
175
252
250
1
1
2
3
4
1
1
1
1
5
6
7
1
1
1
1
1
70
253
7
252
250
1
1
1
31
32
33
34
35
36
37
38
30
253
172
252
250
1
1
1
1
1
1
53
54
55
56
57
58
59
1
1
50
253
5
252
250
250
1
1
2
3
4
1
1
1
1
5
6
7
1
1
70
253
7
252
250
1
1
1
1
63
64
65
66
67
68
69
1
60
253
6
251
250
1
1
2
3
4
1
1
1
5
6
7
1
1
1
70
253
7
251
250
1
1
1
1
11
12
13
14
15
16
17
18
10
253
131
251
250
1
1
1
11
12
13
14
15
16
17
18
10
253
128
252
250
1
1
2
3
4
1
1
1
1
5
6
7
1
1
70
253
7
251
250
1
1
2
3
4
1
1
1
5
6
7
1
1
1
80
253
8
252
250
1
1
1
41
42
43
44
45
46
47
48
40
253
191
251
250
1
1
2
3
4
1
1
1
1
1
5
6
7
1
1
80
253
8
251
250
1
1
1
1
31
32
33
34
35
36
37
38
30
253
220
251
250
1
1
2
3
4
1
1
1
1
5
6
7
1
1
1
1
70
253
7
251
250
1
1
1
1
31
32
33
34
35
36
37
38
30
253
184
251
250
1
1
2
3
4
1
1
1
1
5
6
7
1
1
1
1
70
253
7
251
250
1
1
1
1
41
42
43
44
45
46
47
48
40
253
169
251
250
1
1
1
1
1
53
54
55
56
57
58
59
50
253
5
252
250
1
1
63
64
65
66
67
68
69
60
253
6
251
250
1
1
2
3
4
1
1
1
1
1
5
6
7
1
1
1
80
253
8
252
250
1
1
1
1
1
53
54
55
56
57
58
59
50
253
5
252
250
1
1
1
1
41
42
43
44
45
46
47
48
40
253
206
252
250
1
1
2
3
4
1
1
1
1
5
6
7
1
1
1
80
253
8
252
250
1
1
1
21
22
23
24
25
26
27
28
20
253
118
251
250
1
1
1
11
12
13
14
15
16
17
18
10
253
136
252
250
1
1
1
1
53
54
55
56
57
58
59
1
50
253
5
252
250
1
1
1
11
12
13
14
15
16
17
18
10
253
104
252
250
1
1
1
21
22
23
24
25
26
27
28
20
253
102
251
250
1
1
2
3
4
1
1
1
1
5
6
7
1
1
1
1
80
253
8
251
250
1
1
1
53
54
55
56
57
58
59
1
50
253
5
252
250
1
1
2
3
4
1
1
1
1
5
6
7
1
1
70
253
7
251
250
1
1
1
21
22
23
24
25
26
27
28
20
253
129
251
250
1
1
2
3
4
1
1
1
1
5
6
7
1
1
1
70
253
7
252
250
1
1
1
41
42
43
44
45
46
47
48
40
253
185
252
250
1
1
2
3
4
1
1
1
1
5
6
7
1
1
1
1
80
253
8
251
250
1
1
1
31
32
33
34
35
36
37
38
39
30
253
164
252
250
1
1
1
1
1
63
64
65
66
67
68
69
60
253
6
251
250
1
1
1
1
41
42
43
44
45
46
47
48
40
253
165
251
250
1
1
1
53
54
55
56
57
58
59
1
50
253
5
252
250
1
1
1
1
31
32
33
34
35
36
37
38
30
253
198
252
250
1
1
1
1
31
32
33
34
35
36
37
38
30
253
180
252
250
1
1
1
1
1
63
64
65
66
67
68
69
1
1
60
253
6
252
250
1
1
2
3
4
1
1
1
1
5
6
7
1
1
1
1
80
253
8
251
250
1
1
1
1
41
42
43
44
45
46
47
48
49
40
253
199
251
250
1
1
1
1
31
32
33
34
35
36
37
38
39
30
253
190
251
250
1
1
1
63
64
65
66
67
68
60
253
6
251
250
1
1
1
21
22
23
24
25
26
27
28
29
20
253
132
252
250
1
1
1
1
53
54
55
56
57
58
59
1
1
1
50
253
5
251
250
1
1
2
3
4
1
1
1
1
5
6
7
1
1
1
1
1
80
253
8
252
250
1
1
21
22
23
24
25
26
27
28
29
20
253
137
251
250
1
1
1
11
12
13
14
15
16
17
18
10
253
157
252
250
1
1
1
1
1
1
63
64
65
66
67
68
69
60
253
6
251
250
1
1
1
21
22
23
24
25
26
27
28
20
253
158
251
250
1
1
2
3
4
1
1
1
1
1
5
6
7
1
1
70
253
7
251
250
1
1
1
11
12
13
14
15
16
17
18
19
10
253
117
251
250
250
1
1
1
1
11
12
13
14
15
16
17
18
19
10
253
147
251
250
1
1
2
3
4
1
1
1
1
1
5
6
7
1
1
1
1
70
253
7
252
250
1
1
1
1
41
42
43
44
45
46
47
48
40
253
181
252
250
1
1
2
3
4
1
1
1
1
1
5
6
7
1
1
1
1
80
253
8
251
250
1
1
2
3
4
1
1
1
1
1
5
6
7
1
1
80
253
8
251
250
1
1
1
11
12
13
14
15
16
17
18
10
253
142
252
250
1
1
1
1
41
42
43
44
45
46
47
48
49
1
40
253
217
252
250
1
1
1
1
1
53
54
55
56
57
58
59
50
253
5
252
250
1
1
1
11
12
13
14
15
16
17
18
10
253
107
252
250
1
1
2
3
4
1
1
1
1
1
5
6
7
1
1
1
1
80
253
8
252
250
1
1
1
21
22
23
24
25
26
27
28
20
253
154
251
250
1
1
2
3
4
1
1
1
1
1
5
6
7
1
70
253
7
252
250
1
1
1
1
1
1
63
64
65
66
67
68
60
253
6
252
250
1
1
31
32
33
34
35
36
37
38
30
253
196
252
250
1
1
1
31
32
33
34
35
36
37
38
30
253
204
252
250
1
1
1
53
54
55
56
57
58
50
253
5
252
250
1
1
1
41
42
43
44
45
46
47
48
40
253
205
252
250
1
1
1
1
53
54
55
56
57
58
59
50
253
5
252
250
1
1
1
53
54
55
56
57
58
50
253
5
252
250
1
1
1
2
3
4
1
1
1
1
5
6
7
1
1
1
1
70
253
7
252
250
1
1
1
41
42
43
44
45
46
47
48
49
40
253
212
252
250
1
1
1
1
63
64
65
66
67
68
69
1
1
60
253
6
252
250
1
1
11
12
13
14
15
16
17
18
10
253
153
252
250
1
1
2
3
4
1
1
1
5
6
7
1
1
1
1
1
80
253
8
252
250
1
1
1
1
41
42
43
44
45
46
47
48
40
253
177
252
250
1
1
1
1
1
63
64
65
66
67
68
69
1
60
253
6
251
250
1
1
2
3
4
1
1
1
1
5
6
7
1
1
80
253
8
252
250
1
1
2
3
4
1
1
1
1
5
6
7
1
1
1
70
253
7
251
250
1
1
1
1
31
32
33
34
35
36
37
38
30
253
168
252
250
1
1
1
1
53
54
55
56
57
58
59
1
50
253
5
252
250
1
1
1
11
12
13
14
15
16
17
18
10
253
113
252
250
1
1
1
1
41
42
43
44
45
46
47
48
40
253
166
252
250
1
1
2
3
4
1
1
1
1
5
6
7
1
1
1
1
80
253
8
251
250
1
1
1
21
22
23
24
25
26
27
28
29
20
253
125
251
250
1
1
2
3
4
1
1
1
1
5
6
7
1
1
1
70
253
7
251
250
1
1
1
1
1
21
22
23
24
25
26
27
28
29
20
253
143
251
250
1
1
2
3
4
1
1
1
1
1
5
6
7
1
70
253
7
252
250
1
1
1
21
22
23
24
25
26
27
28
20
253
148
252
250
1
1
2
3
4
1
1
1
1
5
6
7
1
1
1
70
253
7
251
250
1
1
1
1
1
53
54
55
56
57
58
59
1
1
50
253
5
252
250
1
1
1
21
22
23
24
25
26
27
28
20
253
114
252
250
1
1
1
1
31
32
33
34
35
36
37
38
30
253
216
252
250
1
1
2
3
4
1
1
1
1
5
6
7
1
80
253
8
251
250
1
1
63
64
65
66
67
68
69
1
60
253
6
251
250
1
1
1
31
32
33
34
35
36
37
38
30
253
176
251
250
1
1
1
1
31
32
33
34
35
36
37
38
30
253
211
252
250
1
1
1
1
63
64
65
66
67
68
69
1
60
253
6
251
250
1
1
2
3
4
1
1
1
1
5
6
7
1
1
1
80
253
8
251
250
1
1
1
63
64
65
66
67
68
69
1
60
253
6
252
250
1
1
1
11
12
13
14
15
16
17
18
19
10
253
124
252
250
1
1
1
1
21
22
23
24
25
26
27
28
20
253
108
251
250
1
1
2
3
4
1
1
1
1
1
5
6
7
1
1
1
1
70
253
7
251
250
250
