1
1
1
1
41069
42069
43069
44069
45069
46069
47069
48069
40069
941
1
1
72059
73059
74059
1
1
1
1
75059
76059
77059
1
1
1
1
70059
971
1
1
1
1
31120
32120
33120
34120
35120
36120
37120
38120
30120
932
1
1
72034
73034
74034
1
1
1
75034
76034
77034
1
1
1
70034
972
1
1
1
11004
12004
13004
14004
15004
16004
17004
18004
10004
912
1
1
1
21058
22058
23058
24058
25058
26058
27058
28058
20058
921
1
1
72079
73079
74079
1
1
1
1
1
75079
76079
77079
1
1
70079
971
1
1
1
53008
54008
55008
56008
57008
58008
59008
1
50008
952
1
1
1
11036
12036
13036
14036
15036
16036
17036
18036
10036
912
1
1
82029
83029
84029
1
1
1
85029
86029
87029
1
1
1
80029
981
1
1
1
1
1
63025
64025
65025
66025
67025
68025
69025
1
1
60025
961
1
1
72014
73014
74014
1
1
1
1
1
75014
76014
77014
1
1
1
70014
972
1
1
1
1
31084
32084
33084
34084
35084
36084
37084
38084
30084
932
1
1
1
1
53048
54048
55048
56048
57048
58048
59048
1
1
1
50048
952
1
1
1
1
41065
42065
43065
44065
45065
46065
47065
48065
40065
941
1
1
63002
64002
65002
66002
67002
68002
69002
60002
961
1
1
1
1
11031
12031
13031
14031
15031
16031
17031
18031
10031
912
1
1
1
21018
22018
23018
24018
25018
26018
27018
28018
20018
921
1
1
1
1
1
53030
54030
55030
56030
57030
58030
59030
50030
952
1
1
1
1
31090
32090
33090
34090
35090
36090
37090
38090
39090
30090
932
1
1
1
1
63031
64031
65031
66031
67031
68031
69031
1
60031
961
1
1
1
21032
22032
23032
24032
25032
26032
27032
28032
29032
20032
921
1
1
72039
73039
74039
1
1
1
1
75039
76039
77039
1
1
1
1
70039
971
1
1
1
11017
12017
13017
14017
15017
16017
17017
18017
19017
10017
912
1
1
1
1
53058
54058
55058
56058
57058
58058
59058
1
50058
952
1
1
1
41091
42091
43091
44091
45091
46091
47091
48091
40091
941
1
1
1
1
31098
32098
33098
34098
35098
36098
37098
38098
30098
932
1
1
1
1
1
63017
64017
65017
66017
67017
68017
69017
60017
961
1
1
1
1
31080
32080
33080
34080
35080
36080
37080
38080
30080
932
1
1
1
53016
54016
55016
56016
57016
58016
59016
1
50016
952
1
1
82069
83069
84069
1
1
1
1
1
85069
86069
87069
1
1
80069
981
1
1
72054
73054
74054
1
1
1
1
75054
76054
77054
1
1
1
70054
972
1
1
1
1
41106
42106
43106
44106
45106
46106
47106
48106
40106
941
1
1
82009
83009
84009
1
1
1
1
85009
86009
87009
1
1
80009
981
1
1
1
1
41099
42099
43099
44099
45099
46099
47099
48099
49099
40099
941
1
1
82004
83004
84004
1
1
1
1
85004
86004
87004
1
1
1
80004
982
1
1
1
31064
32064
33064
34064
35064
36064
37064
38064
39064
30064
932
1
1
72074
73074
74074
1
1
1
1
75074
76074
77074
1
1
1
1
1
70074
972
1
1
1
21029
22029
23029
24029
25029
26029
27029
28029
20029
921
1
1
1
1
1
1
63034
64034
65034
66034
67034
68034
69034
60034
961
1
1
1
1
1
53001
54001
55001
56001
57001
58001
59001
50001
952
1
1
72019
73019
74019
1
1
1
1
75019
76019
77019
1
1
1
1
70019
971
1
1
21037
22037
23037
24037
25037
26037
27037
28037
29037
20037
921
1
1
82044
83044
84044
1
1
1
1
85044
86044
87044
1
1
1
1
80044
982
1
1
1
63050
64050
65050
66050
67050
68050
60050
961
1
1
82064
83064
84064
1
1
1
1
85064
86064
87064
1
1
80064
982
1
1
1
11057
12057
13057
14057
15057
16057
17057
18057
10057
912
1
1
82049
83049
84049
1
1
1
1
85049
86049
87049
1
1
1
1
80049
981
1
1
1
11028
12028
13028
14028
15028
16028
17028
18028
10028
912
1
1
82024
83024
84024
1
1
1
1
85024
86024
87024
1
1
80024
982
1
1
1
21002
22002
23002
24002
25002
26002
27002
28002
20002
921
1
1
1
41085
42085
43085
44085
45085
46085
47085
48085
40085
941
1
1
1
21006
22006
23006
24006
25006
26006
27006
28006
20006
921
1
1
1
1
63014
64014
65014
66014
67014
68014
69014
60014
961
1
1
1
21050
22050
23050
24050
25050
26050
27050
28050
20050
921
1
1
82068
83068
84068
1
1
1
1
85068
86068
87068
1
1
1
1
80068
982
1
1
72043
73043
74043
1
1
1
1
75043
76043
77043
1
1
1
70043
971
1
1
1
1
31078
32078
33078
34078
35078
36078
37078
38078
30078
932
1
1
1
63029
64029
65029
66029
67029
68029
69029
1
1
60029
961
1
1
1
1
41089
42089
43089
44089
45089
46089
47089
48089
40089
941
1
1
82008
83008
84008
1
1
1
1
85008
86008
87008
1
1
1
80008
982
1
1
1
41063
42063
43063
44063
45063
46063
47063
48063
40063
941
1
1
82013
83013
84013
1
1
1
1
1
85013
86013
87013
1
1
80013
981
1
1
1
31118
32118
33118
34118
35118
36118
37118
38118
30118
932
1
1
1
31067
32067
33067
34067
35067
36067
37067
38067
39067
1
30067
932
1
1
1
1
63037
64037
65037
66037
67037
68037
69037
60037
961
1
1
1
31082
32082
33082
34082
35082
36082
37082
38082
30082
932
1
1
72023
73023
74023
1
1
1
1
1
75023
76023
77023
1
1
1
1
70023
971
1
1
1
31113
32113
33113
34113
35113
36113
37113
38113
30113
932
1
1
82073
83073
84073
1
1
1
1
85073
86073
87073
1
1
1
1
1
80073
981
1
1
1
11015
12015
13015
14015
15015
16015
17015
18015
10015
912
1
1
72003
73003
74003
1
1
1
1
1
75003
76003
77003
1
1
1
70003
971
1
1
1
1
31088
32088
33088
34088
35088
36088
37088
38088
30088
932
1
1
82033
83033
84033
1
1
1
85033
86033
87033
1
1
1
80033
981
1
1
1
1
41079
42079
43079
44079
45079
46079
47079
48079
40079
941
1
1
1
11044
12044
13044
14044
15044
16044
17044
18044
10044
912
1
1
82028
83028
84028
1
1
1
1
1
85028
86028
87028
1
1
1
80028
982
1
1
1
1
41083
42083
43083
44083
45083
46083
47083
48083
40083
941
1
1
82053
83053
84053
1
1
1
1
1
1
85053
86053
87053
1
1
80053
981
1
1
1
11049
12049
13049
14049
15049
16049
17049
18049
10049
912
1
1
1
63013
64013
65013
66013
67013
68013
60013
961
1
1
1
11005
12005
13005
14005
15005
16005
17005
18005
19005
10005
912
1
1
53047
54047
55047
56047
57047
58047
59047
1
1
50047
952
1
1
1
1
63046
64046
65046
66046
67046
68046
69046
60046
961
1
1
72058
73058
74058
1
1
1
1
75058
76058
77058
1
1
1
70058
972
1
1
21030
22030
23030
24030
25030
26030
27030
28030
29030
20030
921
1
1
72078
73078
74078
1
1
1
1
75078
76078
77078
1
70078
972
1
1
1
11055
12055
13055
14055
15055
16055
17055
18055
10055
912
1
1
1
1
1
53012
54012
55012
56012
57012
58012
59012
1
50012
952
1
1
1
21027
22027
23027
24027
25027
26027
27027
28027
20027
921
1
1
1
1
1
1
63039
64039
65039
66039
67039
68039
69039
60039
961
1
1
72018
73018
74018
1
1
1
1
75018
76018
77018
1
1
1
70018
972
1
1
1
41119
42119
43119
44119
45119
46119
47119
48119
49119
40119
941
1
1
72038
73038
74038
1
1
1
1
75038
76038
77038
1
1
1
1
70038
972
1
1
1
21016
22016
23016
24016
25016
26016
27016
28016
20016
921
1
1
1
1
1
1
53033
54033
55033
56033
57033
58033
59033
1
50033
952
1
1
1
1
53049
54049
55049
56049
57049
58049
50049
952
1
1
72063
73063
74063
1
1
1
1
75063
76063
77063
1
1
70063
971
1
1
82048
83048
84048
1
1
1
1
1
85048
86048
87048
1
1
80048
982
1
1
1
1
21056
22056
23056
24056
25056
26056
27056
28056
29056
20056
921
1
1
1
53026
54026
55026
56026
57026
58026
59026
50026
952
1
1
1
11026
12026
13026
14026
15026
16026
17026
18026
19026
10026
912
1
1
1
1
1
1
53045
54045
55045
56045
57045
58045
59045
1
1
1
50045
952
1
1
1
41097
42097
43097
44097
45097
46097
47097
48097
40097
941
1
1
1
11045
12045
13045
14045
15045
16045
17045
18045
19045
10045
912
1
1
72071
73071
74071
1
1
1
1
75071
76071
77071
1
1
1
1
70071
971
1
1
1
31072
32072
33072
34072
35072
36072
37072
38072
30072
932
1
1
72046
73046
74046
1
1
1
75046
76046
77046
1
1
1
70046
972
1
1
1
21022
22022
23022
24022
25022
26022
27022
28022
29022
20022
921
1
1
1
63022
64022
65022
66022
67022
68022
69022
1
60022
961
1
1
1
1
31074
32074
33074
34074
35074
36074
37074
38074
30074
932
1
1
82076
83076
84076
1
1
1
1
85076
86076
87076
1
1
1
1
1
80076
982
1
1
1
53041
54041
55041
56041
57041
58041
59041
1
50041
952
1
1
41073
42073
43073
44073
45073
46073
47073
48073
40073
941
1
1
1
41075
42075
43075
44075
45075
46075
47075
48075
40075
941
1
1
1
63021
64021
65021
66021
67021
68021
69021
60021
961
1
1
1
1
31102
32102
33102
34102
35102
36102
37102
38102
30102
932
1
1
1
11021
12021
13021
14021
15021
16021
17021
18021
10021
912
1
1
1
53020
54020
55020
56020
57020
58020
59020
50020
952
1
1
82061
83061
84061
1
1
1
1
1
1
85061
86061
87061
1
1
1
1
80061
981
1
53056
54056
55056
56056
57056
58056
59056
1
50056
952
1
1
1
1
1
11040
12040
13040
14040
15040
16040
17040
18040
19040
10040
912
1
1
82041
83041
84041
1
1
1
1
85041
86041
87041
1
1
1
80041
981
1
1
1
11035
12035
13035
14035
15035
16035
17035
18035
19035
10035
912
1
1
1
1
53006
54006
55006
56006
57006
58006
50006
952
1
1
41115
42115
43115
44115
45115
46115
47115
48115
49115
40115
941
1
1
1
1
63042
64042
65042
66042
67042
68042
69042
60042
961
1
1
82036
83036
84036
1
1
1
1
1
85036
86036
87036
1
1
1
1
80036
982
1
1
1
1
41110
42110
43110
44110
45110
46110
47110
48110
40110
941
1
1
72051
73051
74051
1
1
1
1
75051
76051
77051
1
1
70051
971
1
1
1
31094
32094
33094
34094
35094
36094
37094
38094
39094
30094
932
1
1
72011
73011
74011
1
1
1
1
75011
76011
77011
1
1
1
1
70011
971
1
1
1
31109
32109
33109
34109
35109
36109
37109
38109
39109
30109
932
1
1
1
53035
54035
55035
56035
57035
58035
50035
952
1
1
1
1
1
1
63053
64053
65053
66053
67053
68053
69053
1
1
60053
961
1
1
11051
12051
13051
14051
15051
16051
17051
18051
10051
912
1
1
1
82001
83001
84001
1
1
1
1
85001
86001
87001
1
1
80001
981
1
1
1
1
11012
12012
13012
14012
15012
16012
17012
18012
10012
912
1
1
1
1
41095
42095
43095
44095
45095
46095
47095
48095
40095
941
1
1
72066
73066
74066
1
1
1
1
75066
76066
77066
1
1
1
70066
972
1
1
21052
22052
23052
24052
25052
26052
27052
28052
20052
921
1
1
82056
83056
84056
1
1
1
1
85056
86056
87056
1
1
1
80056
982
1
1
1
21046
22046
23046
24046
25046
26046
27046
28046
20046
921
1
1
82021
83021
84021
1
1
1
1
85021
86021
87021
1
1
1
80021
981
1
1
31114
32114
33114
34114
35114
36114
37114
38114
30114
932
1
1
72031
73031
74031
1
1
1
1
1
75031
76031
77031
1
1
1
1
70031
971
1
1
72026
73026
74026
1
1
1
75026
76026
77026
1
1
1
1
1
70026
972
1
1
1
21023
22023
23023
24023
25023
26023
27023
28023
20023
921
1
1
82016
83016
84016
1
1
1
1
1
1
1
85016
86016
87016
1
1
1
1
1
80016
982
1
1
1
1
21009
22009
23009
24009
25009
26009
27009
28009
29009
20009
921
1
1
1
63009
64009
65009
66009
67009
68009
69009
60009
961
1
1
1
1
1
1
53028
54028
55028
56028
57028
58028
59028
1
1
50028
952
1
1
1
41103
42103
43103
44103
45103
46103
47103
48103
40103
941
1
1
1
72006
73006
74006
1
1
1
75006
76006
77006
1
1
70006
972
1
1
1
1
21041
22041
23041
24041
25041
26041
27041
28041
29041
20041
921
1
1
1
1
63059
64059
65059
66059
67059
68059
69059
1
60059
961
1
1
72070
73070
74070
1
1
1
1
75070
76070
77070
1
1
1
1
1
1
1
70070
972
1
1
1
1
41087
42087
43087
44087
45087
46087
47087
48087
40087
941
1
1
72050
73050
74050
1
1
1
1
75050
76050
77050
1
1
1
1
1
1
70050
972
1
1
1
1
1
53054
54054
55054
56054
57054
58054
59054
50054
952
1
1
82005
83005
84005
1
1
1
1
85005
86005
87005
1
1
80005
981
1
1
1
11003
12003
13003
14003
15003
16003
17003
18003
19003
1
10003
912
1
1
82025
83025
84025
1
1
1
85025
86025
87025
1
1
80025
981
1
1
1
1
21060
22060
23060
24060
25060
26060
27060
28060
20060
921
1
1
1
41071
42071
43071
44071
45071
46071
47071
48071
40071
941
1
1
82020
83020
84020
1
1
1
1
85020
86020
87020
1
1
80020
982
1
1
72035
73035
74035
1
1
1
1
75035
76035
77035
1
1
1
70035
971
1
1
1
1
31092
32092
33092
34092
35092
36092
37092
38092
30092
932
1
1
72055
73055
74055
1
1
1
1
1
1
75055
76055
77055
1
1
70055
971
1
1
72030
73030
74030
1
1
1
1
75030
76030
77030
1
1
70030
972
1
1
1
63052
64052
65052
66052
67052
68052
69052
1
1
60052
961
1
1
1
41093
42093
43093
44093
45093
46093
47093
48093
49093
40093
941
1
1
72010
73010
74010
1
1
1
75010
76010
77010
1
1
70010
972
1
1
1
1
41101
42101
43101
44101
45101
46101
47101
48101
49101
40101
941
1
1
1
1
1
53036
54036
55036
56036
57036
58036
59036
50036
952
1
1
1
21039
22039
23039
24039
25039
26039
27039
28039
29039
20039
921
1
1
1
1
1
53003
54003
55003
56003
57003
58003
59003
50003
952
1
1
1
1
1
1
63019
64019
65019
66019
67019
68019
69019
1
1
1
60019
961
1
1
11019
12019
13019
14019
15019
16019
17019
18019
19019
10019
912
1
1
1
1
1
1
63004
64004
65004
66004
67004
68004
69004
60004
961
1
1
1
1
1
63038
64038
65038
66038
67038
68038
69038
1
60038
961
1
1
1
1
31062
32062
33062
34062
35062
36062
37062
38062
30062
932
1
1
82080
83080
84080
1
1
1
1
85080
86080
87080
80080
982
1
1
1
21011
22011
23011
24011
25011
26011
27011
28011
20011
921
1
1
1
1
11033
12033
13033
14033
15033
16033
17033
18033
10033
912
1
1
1
63060
64060
65060
66060
67060
68060
69060
1
60060
961
1
1
1
1
1
1
63007
64007
65007
66007
67007
68007
69007
1
60007
961
1
1
82065
83065
84065
1
1
1
1
1
85065
86065
87065
1
1
1
80065
981
1
1
1
1
11059
12059
13059
14059
15059
16059
17059
18059
10059
912
1
1
1
31100
32100
33100
34100
35100
36100
37100
38100
30100
932
1
1
1
1
1
53018
54018
55018
56018
57018
58018
59018
1
1
50018
952
1
1
1
1
41108
42108
43108
44108
45108
46108
47108
48108
40108
941
1
1
11038
12038
13038
14038
15038
16038
17038
18038
19038
10038
912
1
1
1
53051
54051
55051
56051
57051
58051
59051
50051
952
1
1
1
41061
42061
43061
44061
45061
46061
47061
48061
40061
941
1
1
1
31107
32107
33107
34107
35107
36107
37107
38107
39107
30107
932
1
1
82040
83040
84040
1
1
1
85040
86040
87040
1
1
1
1
1
80040
982
1
1
1
1
21001
22001
23001
24001
25001
26001
27001
28001
20001
921
1
1
82060
83060
84060
1
1
1
1
1
85060
86060
87060
1
1
1
1
1
80060
982
1
1
1
11010
12010
13010
14010
15010
16010
17010
18010
10010
912
1
1
72015
73015
74015
1
1
1
1
75015
76015
77015
1
1
1
70015
971
1
1
1
31070
32070
33070
34070
35070
36070
37070
38070
30070
932
1
1
72075
73075
74075
1
1
1
1
1
75075
76075
77075
1
1
1
70075
971
1
1
1
31086
32086
33086
34086
35086
36086
37086
38086
30086
932
1
1
82045
83045
84045
1
1
1
1
1
85045
86045
87045
1
1
1
80045
981
1
1
1
1
21034
22034
23034
24034
25034
26034
27034
28034
20034
921
1
1
53005
54005
55005
56005
57005
58005
59005
50005
952
1
1
1
21020
22020
23020
24020
25020
26020
27020
28020
29020
20020
921
1
1
1
1
41077
42077
43077
44077
45077
46077
47077
48077
40077
941
1
1
1
21025
22025
23025
24025
25025
26025
27025
28025
29025
20025
921
1
1
72062
73062
74062
1
1
1
75062
76062
77062
1
1
1
1
1
70062
972
1
1
1
21054
22054
23054
24054
25054
26054
27054
28054
20054
921
1
1
72022
73022
74022
1
1
1
1
75022
76022
77022
1
1
70022
972
1
1
1
1
53043
54043
55043
56043
57043
58043
59043
50043
952
1
1
1
41112
42112
43112
44112
45112
46112
47112
48112
49112
40112
941
1
1
63011
64011
65011
66011
67011
68011
69011
1
60011
961
1
1
1
11042
12042
13042
14042
15042
16042
17042
18042
10042
912
1
1
72027
73027
74027
1
1
1
1
1
75027
76027
77027
1
1
70027
971
1
1
1
11007
12007
13007
14007
15007
16007
17007
18007
10007
912
1
1
1
82077
83077
84077
1
1
1
1
85077
86077
87077
1
1
1
1
80077
981
1
1
72007
73007
74007
1
1
1
1
75007
76007
77007
1
1
1
1
70007
971
1
1
1
1
1
53010
54010
55010
56010
57010
58010
59010
50010
952
1
1
1
21014
22014
23014
24014
25014
26014
27014
28014
20014
921
1
1
72002
73002
74002
1
1
1
1
75002
76002
77002
1
1
1
70002
972
1
1
82032
83032
84032
1
1
1
1
85032
86032
87032
1
1
1
80032
982
1
1
1
63024
64024
65024
66024
67024
68024
69024
1
60024
961
1
1
82072
83072
84072
1
1
1
1
1
85072
86072
87072
1
80072
982
1
1
1
11024
12024
13024
14024
15024
16024
17024
18024
19024
10024
912
1
1
1
1
63055
64055
65055
66055
67055
68055
69055
1
60055
961
1
1
11053
12053
13053
14053
15053
16053
17053
18053
10053
912
1
1
82037
83037
84037
1
1
1
1
85037
86037
87037
1
1
1
80037
981
1
1
1
1
31068
32068
33068
34068
35068
36068
37068
38068
30068
932
1
1
1
1
31116
32116
33116
34116
35116
36116
37116
38116
30116
932
1
1
72067
73067
74067
1
1
1
1
1
75067
76067
77067
1
1
1
1
70067
971
1
1
1
1
31111
32111
33111
34111
35111
36111
37111
38111
30111
932
1
1
1
11013
12013
13013
14013
15013
16013
17013
18013
10013
912
1
1
1
1
1
63015
64015
65015
66015
67015
68015
69015
1
60015
961
1
1
1
21048
22048
23048
24048
25048
26048
27048
28048
20048
921
1
1
1
53023
54023
55023
56023
57023
58023
50023
952
1
1
1
1
11047
12047
13047
14047
15047
16047
17047
18047
19047
10047
912
1
1
72047
73047
74047
1
1
1
1
75047
76047
77047
1
70047
971
1
1
1
41105
42105
43105
44105
45105
46105
47105
48105
40105
941
1
1
1
1
1
53027
54027
55027
56027
57027
58027
59027
1
1
50027
952
1
1
82012
83012
84012
1
1
1
1
1
85012
86012
87012
1
80012
982
1
1
1
1
41117
42117
43117
44117
45117
46117
47117
48117
49117
1
40117
941
1
1
72042
73042
74042
1
1
1
1
1
75042
76042
77042
1
1
1
1
70042
972
1
1
1
1
41066
42066
43066
44066
45066
46066
47066
48066
40066
941
1
1
1
1
21008
22008
23008
24008
25008
26008
27008
28008
20008
921
1
1
1
1
53057
54057
55057
56057
57057
58057
59057
1
50057
952
1
1
1
1
1
1
63044
64044
65044
66044
67044
68044
60044
961
1
1
31096
32096
33096
34096
35096
36096
37096
38096
30096
932
1
1
82017
83017
84017
1
1
1
1
85017
86017
87017
1
1
1
80017
981
1
1
82057
83057
84057
1
1
1
1
1
85057
86057
87057
1
1
1
1
80057
981
1
1
1
1
41081
42081
43081
44081
45081
46081
47081
48081
40081
941
1
1
82052
83052
84052
1
1
1
1
1
85052
86052
87052
1
1
1
1
80052
982
1
1
1
1
63032
64032
65032
66032
67032
68032
69032
1
1
60032
961
1
1
1
31076
32076
33076
34076
35076
36076
37076
38076
30076
932
1
1
1
1
1
21043
22043
23043
24043
25043
26043
27043
28043
29043
20043
921
1
1
1
53040
54040
55040
56040
57040
58040
50040
952
1
1
1
31104
32104
33104
34104
35104
36104
37104
38104
30104
932
