1
1
72037
73037
74037
1
1
1
1
75037
76037
77037
1
1
1
70037
971
1
1
1
72077
73077
74077
1
1
1
1
75077
76077
77077
1
1
1
1
70077
971
1
1
1
11024
12024
13024
14024
15024
16024
17024
18024
19024
10024
912
1
1
1
1
53032
54032
55032
56032
57032
58032
59032
1
1
50032
952
1
1
72057
73057
74057
1
1
1
1
1
75057
76057
77057
1
1
1
1
70057
971
1
1
1
1
1
53015
54015
55015
56015
57015
58015
59015
1
50015
952
1
1
1
21025
22025
23025
24025
25025
26025
27025
28025
29025
20025
921
1
1
72012
73012
74012
1
1
1
1
1
75012
76012
77012
1
70012
972
1
1
1
31104
32104
33104
34104
35104
36104
37104
38104
30104
932
1
1
82007
83007
84007
1
1
1
1
85007
86007
87007
1
1
1
1
80007
981
1
1
1
1
41117
42117
43117
44117
45117
46117
47117
48117
49117
1
40117
941
1
1
1
1
1
1
53044
54044
55044
56044
57044
58044
50044
952
1
1
1
1
31068
32068
33068
34068
35068
36068
37068
38068
30068
932
1
1
1
11007
12007
13007
14007
15007
16007
17007
18007
10007
912
1
1
1
1
1
63027
64027
65027
66027
67027
68027
69027
1
1
60027
961
1
1
82062
83062
84062
1
1
1
85062
86062
87062
1
1
1
1
1
80062
982
1
1
1
1
41081
42081
43081
44081
45081
46081
47081
48081
40081
941
1
1
72032
73032
74032
1
1
1
1
75032
76032
77032
1
1
1
70032
972
1
1
1
41105
42105
43105
44105
45105
46105
47105
48105
40105
941
1
1
82027
83027
84027
1
1
1
1
1
85027
86027
87027
1
1
80027
981
1
1
1
1
31111
32111
33111
34111
35111
36111
37111
38111
30111
932
1
1
72017
73017
74017
1
1
1
1
75017
76017
77017
1
1
1
70017
971
1
1
72072
73072
74072
1
1
1
1
1
75072
76072
77072
1
70072
972
1
1
1
21054
22054
23054
24054
25054
26054
27054
28054
20054
921
1
1
1
21014
22014
23014
24014
25014
26014
27014
28014
20014
921
1
1
72052
73052
74052
1
1
1
1
1
75052
76052
77052
1
1
1
1
70052
972
1
1
82067
83067
84067
1
1
1
1
1
85067
86067
87067
1
1
1
1
80067
981
1
1
11053
12053
13053
14053
15053
16053
17053
18053
10053
912
1
1
1
53024
54024
55024
56024
57024
58024
59024
1
50024
952
1
1
1
21048
22048
23048
24048
25048
26048
27048
28048
20048
921
1
1
1
1
63057
64057
65057
66057
67057
68057
69057
1
60057
961
1
1
1
11042
12042
13042
14042
15042
16042
17042
18042
10042
912
1
1
53011
54011
55011
56011
57011
58011
59011
1
50011
952
1
1
1
1
41077
42077
43077
44077
45077
46077
47077
48077
40077
941
1
1
1
1
1
21043
22043
23043
24043
25043
26043
27043
28043
29043
20043
921
1
1
1
1
63043
64043
65043
66043
67043
68043
69043
60043
961
1
1
1
11013
12013
13013
14013
15013
16013
17013
18013
10013
912
1
1
1
1
53055
54055
55055
56055
57055
58055
59055
1
50055
952
1
1
1
1
31116
32116
33116
34116
35116
36116
37116
38116
30116
932
1
1
1
1
1
63010
64010
65010
66010
67010
68010
69010
60010
961
1
1
31096
32096
33096
34096
35096
36096
37096
38096
30096
932
1
1
82002
83002
84002
1
1
1
1
85002
86002
87002
1
1
1
80002
982
1
1
1
1
21008
22008
23008
24008
25008
26008
27008
28008
20008
921
1
1
1
41112
42112
43112
44112
45112
46112
47112
48112
49112
40112
941
1
1
1
63023
64023
65023
66023
67023
68023
60023
961
1
1
82042
83042
84042
1
1
1
1
1
85042
86042
87042
1
1
1
1
80042
982
1
1
1
1
41066
42066
43066
44066
45066
46066
47066
48066
40066
941
1
1
1
1
11047
12047
13047
14047
15047
16047
17047
18047
19047
10047
912
1
1
82047
83047
84047
1
1
1
1
85047
86047
87047
1
80047
981
1
1
1
31076
32076
33076
34076
35076
36076
37076
38076
30076
932
1
1
1
63040
64040
65040
66040
67040
68040
60040
961
1
1
82022
83022
84022
1
1
1
1
85022
86022
87022
1
1
80022
982
1
1
1
41119
42119
43119
44119
45119
46119
47119
48119
49119
40119
941
1
1
82063
83063
84063
1
1
1
1
85063
86063
87063
1
1
80063
981
1
1
1
1
31078
32078
33078
34078
35078
36078
37078
38078
30078
932
1
1
72033
73033
74033
1
1
1
75033
76033
77033
1
1
1
70033
971
1
1
1
11015
12015
13015
14015
15015
16015
17015
18015
10015
912
1
1
82043
83043
84043
1
1
1
1
85043
86043
87043
1
1
1
80043
981
1
1
1
41063
42063
43063
44063
45063
46063
47063
48063
40063
941
1
1
1
53013
54013
55013
56013
57013
58013
50013
952
1
1
1
1
41083
42083
43083
44083
45083
46083
47083
48083
40083
941
1
1
63047
64047
65047
66047
67047
68047
69047
1
1
60047
961
1
1
1
11055
12055
13055
14055
15055
16055
17055
18055
10055
912
1
1
1
31118
32118
33118
34118
35118
36118
37118
38118
30118
932
1
1
1
63026
64026
65026
66026
67026
68026
69026
60026
961
1
1
1
1
41079
42079
43079
44079
45079
46079
47079
48079
40079
941
1
1
1
41097
42097
43097
44097
45097
46097
47097
48097
40097
941
1
1
1
1
53046
54046
55046
56046
57046
58046
59046
50046
952
1
1
1
31113
32113
33113
34113
35113
36113
37113
38113
30113
932
1
1
82018
83018
84018
1
1
1
1
85018
86018
87018
1
1
1
80018
982
1
1
1
1
21056
22056
23056
24056
25056
26056
27056
28056
29056
20056
921
1
1
82038
83038
84038
1
1
1
1
85038
86038
87038
1
1
1
1
80038
982
1
1
1
21027
22027
23027
24027
25027
26027
27027
28027
20027
921
1
1
72013
73013
74013
1
1
1
1
1
75013
76013
77013
1
1
70013
971
1
1
72028
73028
74028
1
1
1
1
1
75028
76028
77028
1
1
1
70028
972
1
1
1
1
1
1
63045
64045
65045
66045
67045
68045
69045
1
1
1
60045
961
1
1
82023
83023
84023
1
1
1
1
1
85023
86023
87023
1
1
1
1
80023
981
1
1
82003
83003
84003
1
1
1
1
1
85003
86003
87003
1
1
1
80003
981
1
1
1
1
1
1
53039
54039
55039
56039
57039
58039
59039
50039
952
1
1
1
1
1
1
63033
64033
65033
66033
67033
68033
69033
1
60033
961
1
1
1
1
31088
32088
33088
34088
35088
36088
37088
38088
30088
932
1
1
1
1
1
63012
64012
65012
66012
67012
68012
69012
1
60012
961
1
1
1
11005
12005
13005
14005
15005
16005
17005
18005
19005
10005
912
1
1
72008
73008
74008
1
1
1
1
75008
76008
77008
1
1
1
70008
972
1
1
1
1
41089
42089
43089
44089
45089
46089
47089
48089
40089
941
1
1
1
31067
32067
33067
34067
35067
36067
37067
38067
39067
1
30067
932
1
1
82058
83058
84058
1
1
1
1
85058
86058
87058
1
1
1
80058
982
1
1
1
21016
22016
23016
24016
25016
26016
27016
28016
20016
921
1
1
1
53029
54029
55029
56029
57029
58029
59029
1
1
50029
952
1
1
1
11049
12049
13049
14049
15049
16049
17049
18049
10049
912
1
1
1
11026
12026
13026
14026
15026
16026
17026
18026
19026
10026
912
1
1
1
1
63049
64049
65049
66049
67049
68049
60049
961
1
1
1
31082
32082
33082
34082
35082
36082
37082
38082
30082
932
1
1
1
1
53037
54037
55037
56037
57037
58037
59037
50037
952
1
1
1
21050
22050
23050
24050
25050
26050
27050
28050
20050
921
1
1
72048
73048
74048
1
1
1
1
1
75048
76048
77048
1
1
70048
972
1
1
1
11044
12044
13044
14044
15044
16044
17044
18044
10044
912
1
1
72053
73053
74053
1
1
1
1
1
1
75053
76053
77053
1
1
70053
971
1
1
82078
83078
84078
1
1
1
1
85078
86078
87078
1
80078
982
1
1
1
21006
22006
23006
24006
25006
26006
27006
28006
20006
921
1
1
72068
73068
74068
1
1
1
1
75068
76068
77068
1
1
1
1
70068
972
1
1
21030
22030
23030
24030
25030
26030
27030
28030
29030
20030
921
1
1
72073
73073
74073
1
1
1
1
75073
76073
77073
1
1
1
1
1
70073
971
1
1
1
1
53014
54014
55014
56014
57014
58014
59014
50014
952
1
1
1
31094
32094
33094
34094
35094
36094
37094
38094
39094
30094
932
1
1
1
1
63006
64006
65006
66006
67006
68006
60006
961
1
1
72036
73036
74036
1
1
1
1
1
75036
76036
77036
1
1
1
1
70036
972
1
1
41073
42073
43073
44073
45073
46073
47073
48073
40073
941
1
1
82066
83066
84066
1
1
1
1
85066
86066
87066
1
1
1
80066
982
1
1
1
1
41095
42095
43095
44095
45095
46095
47095
48095
40095
941
1
1
1
11021
12021
13021
14021
15021
16021
17021
18021
10021
912
1
1
82046
83046
84046
1
1
1
85046
86046
87046
1
1
1
80046
982
1
1
1
1
41110
42110
43110
44110
45110
46110
47110
48110
40110
941
1
1
82026
83026
84026
1
1
1
85026
86026
87026
1
1
1
1
1
80026
982
1
1
1
1
31074
32074
33074
34074
35074
36074
37074
38074
30074
932
1
63056
64056
65056
66056
67056
68056
69056
1
60056
961
1
1
82011
83011
84011
1
1
1
1
85011
86011
87011
1
1
1
1
80011
981
1
1
1
63020
64020
65020
66020
67020
68020
69020
60020
961
1
1
1
31109
32109
33109
34109
35109
36109
37109
38109
39109
30109
932
1
1
1
1
1
1
53053
54053
55053
56053
57053
58053
59053
1
1
50053
952
1
1
41115
42115
43115
44115
45115
46115
47115
48115
49115
40115
941
1
1
1
1
1
1
63028
64028
65028
66028
67028
68028
69028
1
1
60028
961
1
1
1
1
1
11040
12040
13040
14040
15040
16040
17040
18040
19040
10040
912
1
1
82071
83071
84071
1
1
1
1
85071
86071
87071
1
1
1
1
80071
981
1
1
1
11045
12045
13045
14045
15045
16045
17045
18045
19045
10045
912
1
1
82031
83031
84031
1
1
1
1
1
85031
86031
87031
1
1
1
1
80031
981
1
1
11051
12051
13051
14051
15051
16051
17051
18051
10051
912
1
1
72016
73016
74016
1
1
1
1
1
1
1
75016
76016
77016
1
1
1
1
1
70016
972
1
1
1
1
31102
32102
33102
34102
35102
36102
37102
38102
30102
932
1
1
1
21022
22022
23022
24022
25022
26022
27022
28022
29022
20022
921
1
1
1
53009
54009
55009
56009
57009
58009
59009
50009
952
1
1
1
41075
42075
43075
44075
45075
46075
47075
48075
40075
941
1
1
1
1
53042
54042
55042
56042
57042
58042
59042
50042
952
1
1
21052
22052
23052
24052
25052
26052
27052
28052
20052
921
1
1
1
63041
64041
65041
66041
67041
68041
69041
1
60041
961
1
1
1
82006
83006
84006
1
1
1
85006
86006
87006
1
1
80006
982
1
1
72021
73021
74021
1
1
1
1
75021
76021
77021
1
1
1
70021
971
1
1
1
1
21009
22009
23009
24009
25009
26009
27009
28009
29009
20009
921
1
1
1
1
53059
54059
55059
56059
57059
58059
59059
1
50059
952
1
1
1
1
21041
22041
23041
24041
25041
26041
27041
28041
29041
20041
921
1
1
72041
73041
74041
1
1
1
1
75041
76041
77041
1
1
1
70041
971
1
1
1
21046
22046
23046
24046
25046
26046
27046
28046
20046
921
1
1
72056
73056
74056
1
1
1
1
75056
76056
77056
1
1
1
70056
972
1
1
1
21023
22023
23023
24023
25023
26023
27023
28023
20023
921
1
1
1
31072
32072
33072
34072
35072
36072
37072
38072
30072
932
1
1
72076
73076
74076
1
1
1
1
75076
76076
77076
1
1
1
1
1
70076
972
1
1
1
63035
64035
65035
66035
67035
68035
60035
961
1
1
1
41103
42103
43103
44103
45103
46103
47103
48103
40103
941
1
1
72061
73061
74061
1
1
1
1
1
1
75061
76061
77061
1
1
1
1
70061
971
1
1
1
11035
12035
13035
14035
15035
16035
17035
18035
19035
10035
912
1
1
1
1
11012
12012
13012
14012
15012
16012
17012
18012
10012
912
1
1
1
53021
54021
55021
56021
57021
58021
59021
50021
952
1
1
82051
83051
84051
1
1
1
1
85051
86051
87051
1
1
80051
981
1
1
1
53022
54022
55022
56022
57022
58022
59022
1
50022
952
1
1
31114
32114
33114
34114
35114
36114
37114
38114
30114
932
1
1
1
72001
73001
74001
1
1
1
1
75001
76001
77001
1
1
70001
971
1
1
11019
12019
13019
14019
15019
16019
17019
18019
19019
10019
912
1
1
1
1
1
63003
64003
65003
66003
67003
68003
69003
60003
961
1
1
1
1
41108
42108
43108
44108
45108
46108
47108
48108
40108
941
1
1
82010
83010
84010
1
1
1
85010
86010
87010
1
1
80010
982
1
1
1
11003
12003
13003
14003
15003
16003
17003
18003
19003
1
10003
912
1
1
72060
73060
74060
1
1
1
1
1
75060
76060
77060
1
1
1
1
1
70060
972
1
1
72025
73025
74025
1
1
1
75025
76025
77025
1
1
70025
971
1
1
1
1
21060
22060
23060
24060
25060
26060
27060
28060
20060
921
1
1
72080
73080
74080
1
1
1
1
75080
76080
77080
70080
972
1
1
1
41093
42093
43093
44093
45093
46093
47093
48093
49093
40093
941
1
1
72065
73065
74065
1
1
1
1
1
75065
76065
77065
1
1
1
70065
971
1
1
1
31107
32107
33107
34107
35107
36107
37107
38107
39107
30107
932
1
1
1
53052
54052
55052
56052
57052
58052
59052
1
1
50052
952
1
1
82015
83015
84015
1
1
1
1
85015
86015
87015
1
1
1
80015
981
1
1
1
41061
42061
43061
44061
45061
46061
47061
48061
40061
941
1
1
82035
83035
84035
1
1
1
1
85035
86035
87035
1
1
1
80035
981
1
1
1
1
31062
32062
33062
34062
35062
36062
37062
38062
30062
932
1
1
1
1
21034
22034
23034
24034
25034
26034
27034
28034
20034
921
1
1
1
1
1
1
53004
54004
55004
56004
57004
58004
59004
50004
952
1
1
1
1
11033
12033
13033
14033
15033
16033
17033
18033
10033
912
1
1
1
21039
22039
23039
24039
25039
26039
27039
28039
29039
20039
921
1
1
72045
73045
74045
1
1
1
1
1
75045
76045
77045
1
1
1
70045
971
1
1
1
31100
32100
33100
34100
35100
36100
37100
38100
30100
932
1
1
1
1
1
63036
64036
65036
66036
67036
68036
69036
60036
961
1
1
11038
12038
13038
14038
15038
16038
17038
18038
19038
10038
912
1
1
1
53060
54060
55060
56060
57060
58060
59060
1
50060
952
1
1
82075
83075
84075
1
1
1
1
1
85075
86075
87075
1
1
1
80075
981
1
1
1
31086
32086
33086
34086
35086
36086
37086
38086
30086
932
1
1
82055
83055
84055
1
1
1
1
1
1
85055
86055
87055
1
1
80055
981
1
1
1
1
31092
32092
33092
34092
35092
36092
37092
38092
30092
932
1
1
1
1
1
63054
64054
65054
66054
67054
68054
69054
60054
961
1
1
72020
73020
74020
1
1
1
1
75020
76020
77020
1
1
70020
972
1
1
1
1
41087
42087
43087
44087
45087
46087
47087
48087
40087
941
1
1
82030
83030
84030
1
1
1
1
85030
86030
87030
1
1
80030
982
1
1
1
1
41101
42101
43101
44101
45101
46101
47101
48101
49101
40101
941
1
1
63005
64005
65005
66005
67005
68005
69005
60005
961
1
1
1
21011
22011
23011
24011
25011
26011
27011
28011
20011
921
1
1
1
1
1
53038
54038
55038
56038
57038
58038
59038
1
50038
952
1
1
1
1
11059
12059
13059
14059
15059
16059
17059
18059
10059
912
1
1
1
1
1
1
53019
54019
55019
56019
57019
58019
59019
1
1
1
50019
952
1
1
72005
73005
74005
1
1
1
1
75005
76005
77005
1
1
70005
971
1
1
82050
83050
84050
1
1
1
1
85050
86050
87050
1
1
1
1
1
1
80050
982
1
1
1
31070
32070
33070
34070
35070
36070
37070
38070
30070
932
1
1
1
1
1
63018
64018
65018
66018
67018
68018
69018
1
1
60018
961
1
1
1
41071
42071
43071
44071
45071
46071
47071
48071
40071
941
1
1
1
63051
64051
65051
66051
67051
68051
69051
60051
961
1
1
72040
73040
74040
1
1
1
75040
76040
77040
1
1
1
1
1
70040
972
1
1
1
1
21001
22001
23001
24001
25001
26001
27001
28001
20001
921
1
1
1
1
1
1
53007
54007
55007
56007
57007
58007
59007
1
50007
952
1
1
1
21020
22020
23020
24020
25020
26020
27020
28020
29020
20020
921
1
1
82070
83070
84070
1
1
1
1
85070
86070
87070
1
1
1
1
1
1
1
80070
982
1
1
1
11010
12010
13010
14010
15010
16010
17010
18010
10010
912
1
1
1
1
41069
42069
43069
44069
45069
46069
47069
48069
40069
941
1
1
1
1
41065
42065
43065
44065
45065
46065
47065
48065
40065
941
1
1
1
1
1
53025
54025
55025
56025
57025
58025
59025
1
1
50025
952
1
1
82059
83059
84059
1
1
1
1
85059
86059
87059
1
1
1
1
80059
981
1
1
1
1
41099
42099
43099
44099
45099
46099
47099
48099
49099
40099
941
1
1
1
11004
12004
13004
14004
15004
16004
17004
18004
10004
912
1
1
82054
83054
84054
1
1
1
1
85054
86054
87054
1
1
1
80054
982
1
1
1
21058
22058
23058
24058
25058
26058
27058
28058
20058
921
1
1
1
1
1
53017
54017
55017
56017
57017
58017
59017
50017
952
1
1
1
1
41106
42106
43106
44106
45106
46106
47106
48106
40106
941
1
1
1
11028
12028
13028
14028
15028
16028
17028
18028
10028
912
1
1
1
1
1
1
53034
54034
55034
56034
57034
58034
59034
50034
952
1
1
1
1
11031
12031
13031
14031
15031
16031
17031
18031
10031
912
1
1
21037
22037
23037
24037
25037
26037
27037
28037
29037
20037
921
1
1
82014
83014
84014
1
1
1
1
1
85014
86014
87014
1
1
1
80014
982
1
1
1
63016
64016
65016
66016
67016
68016
69016
1
60016
961
1
1
1
63008
64008
65008
66008
67008
68008
69008
1
60008
961
1
1
72064
73064
74064
1
1
1
1
75064
76064
77064
1
1
70064
972
1
1
1
21032
22032
23032
24032
25032
26032
27032
28032
29032
20032
921
1
1
82019
83019
84019
1
1
1
1
85019
86019
87019
1
1
1
1
80019
981
1
1
1
31064
32064
33064
34064
35064
36064
37064
38064
39064
30064
932
1
1
1
1
1
63001
64001
65001
66001
67001
68001
69001
60001
961
1
1
1
1
63048
64048
65048
66048
67048
68048
69048
1
1
1
60048
961
1
1
1
1
31120
32120
33120
34120
35120
36120
37120
38120
30120
932
1
1
1
1
31080
32080
33080
34080
35080
36080
37080
38080
30080
932
1
1
1
1
63058
64058
65058
66058
67058
68058
69058
1
60058
961
1
1
1
1
31090
32090
33090
34090
35090
36090
37090
38090
39090
30090
932
1
1
82079
83079
84079
1
1
1
1
1
85079
86079
87079
1
1
80079
981
1
1
1
1
31084
32084
33084
34084
35084
36084
37084
38084
30084
932
1
1
1
11036
12036
13036
14036
15036
16036
17036
18036
10036
912
1
1
1
1
1
63030
64030
65030
66030
67030
68030
69030
60030
961
1
1
72044
73044
74044
1
1
1
1
75044
76044
77044
1
1
1
1
70044
972
1
1
1
21029
22029
23029
24029
25029
26029
27029
28029
20029
921
1
1
72024
73024
74024
1
1
1
1
75024
76024
77024
1
1
70024
972
1
1
1
21018
22018
23018
24018
25018
26018
27018
28018
20018
921
1
1
53002
54002
55002
56002
57002
58002
59002
50002
952
1
1
72049
73049
74049
1
1
1
1
75049
76049
77049
1
1
1
1
70049
971
1
1
1
11017
12017
13017
14017
15017
16017
17017
18017
19017
10017
912
1
1
72069
73069
74069
1
1
1
1
1
75069
76069
77069
1
1
70069
971
1
1
1
1
31098
32098
33098
34098
35098
36098
37098
38098
30098
932
1
1
72009
73009
74009
1
1
1
1
75009
76009
77009
1
1
70009
971
1
1
1
11057
12057
13057
14057
15057
16057
17057
18057
10057
912
1
1
82039
83039
84039
1
1
1
1
85039
86039
87039
1
1
1
1
80039
981
1
1
1
41091
42091
43091
44091
45091
46091
47091
48091
40091
941
1
1
72004
73004
74004
1
1
1
1
75004
76004
77004
1
1
1
70004
972
1
1
1
41085
42085
43085
44085
45085
46085
47085
48085
40085
941
1
1
72029
73029
74029
1
1
1
75029
76029
77029
1
1
1
70029
971
1
1
82034
83034
84034
1
1
1
85034
86034
87034
1
1
1
80034
982
1
1
1
1
53031
54031
55031
56031
57031
58031
59031
1
50031
952
1
1
1
21002
22002
23002
24002
25002
26002
27002
28002
20002
921
1
1
1
53050
54050
55050
56050
57050
58050
50050
952
1
1
82074
83074
84074
1
1
1
1
85074
86074
87074
1
1
1
1
1
80074
982
