1
1
72033
73033
74033
1
1
1
75033
76033
77033
1
1
1
70033
971
1
1
1
1
31079
32079
33079
34079
35079
36079
37079
38079
30079
932
1
1
1
31097
32097
33097
34097
35097
36097
37097
38097
30097
932
1
1
1
1
1
1
63039
64039
65039
66039
67039
68039
69039
60039
961
1
1
1
41067
42067
43067
44067
45067
46067
47067
48067
49067
1
40067
941
1
1
72028
73028
74028
1
1
1
1
1
75028
76028
77028
1
1
1
70028
972
1
1
1
1
63037
64037
65037
66037
67037
68037
69037
60037
961
1
1
82058
83058
84058
1
1
1
1
85058
86058
87058
1
1
1
80058
982
1
1
1
11027
12027
13027
14027
15027
16027
17027
18027
10027
912
1
1
82023
83023
84023
1
1
1
1
1
85023
86023
87023
1
1
1
1
80023
981
1
1
11030
12030
13030
14030
15030
16030
17030
18030
19030
10030
912
1
1
1
63029
64029
65029
66029
67029
68029
69029
1
1
60029
961
1
1
1
21026
22026
23026
24026
25026
26026
27026
28026
29026
20026
921
1
1
1
53026
54026
55026
56026
57026
58026
59026
50026
952
1
1
72013
73013
74013
1
1
1
1
1
75013
76013
77013
1
1
70013
971
1
1
72048
73048
74048
1
1
1
1
1
75048
76048
77048
1
1
70048
972
1
1
1
1
63014
64014
65014
66014
67014
68014
69014
60014
961
1
1
72008
73008
74008
1
1
1
1
75008
76008
77008
1
1
1
70008
972
1
1
1
31063
32063
33063
34063
35063
36063
37063
38063
30063
932
1
1
1
11006
12006
13006
14006
15006
16006
17006
18006
10006
912
1
1
1
1
63046
64046
65046
66046
67046
68046
69046
60046
961
1
1
1
63013
64013
65013
66013
67013
68013
60013
961
1
1
1
21005
22005
23005
24005
25005
26005
27005
28005
29005
20005
921
1
1
1
1
1
1
53033
54033
55033
56033
57033
58033
59033
1
50033
952
1
1
1
21044
22044
23044
24044
25044
26044
27044
28044
20044
921
1
1
72068
73068
74068
1
1
1
1
75068
76068
77068
1
1
1
1
70068
972
1
1
1
41118
42118
43118
44118
45118
46118
47118
48118
40118
941
1
1
1
1
11056
12056
13056
14056
15056
16056
17056
18056
19056
10056
912
1
1
82003
83003
84003
1
1
1
1
1
85003
86003
87003
1
1
1
80003
981
1
1
1
1
31083
32083
33083
34083
35083
36083
37083
38083
30083
932
1
1
1
21049
22049
23049
24049
25049
26049
27049
28049
20049
921
1
1
82038
83038
84038
1
1
1
1
85038
86038
87038
1
1
1
1
80038
982
1
1
1
41113
42113
43113
44113
45113
46113
47113
48113
40113
941
1
1
82043
83043
84043
1
1
1
1
85043
86043
87043
1
1
1
80043
981
1
1
1
1
41088
42088
43088
44088
45088
46088
47088
48088
40088
941
1
1
1
11050
12050
13050
14050
15050
16050
17050
18050
10050
912
1
1
82063
83063
84063
1
1
1
1
85063
86063
87063
1
1
80063
981
1
1
1
31119
32119
33119
34119
35119
36119
37119
38119
39119
30119
932
1
1
72073
73073
74073
1
1
1
1
75073
76073
77073
1
1
1
1
1
70073
971
1
1
1
1
53049
54049
55049
56049
57049
58049
50049
952
1
1
1
21015
22015
23015
24015
25015
26015
27015
28015
20015
921
1
1
53047
54047
55047
56047
57047
58047
59047
1
1
50047
952
1
1
1
1
41078
42078
43078
44078
45078
46078
47078
48078
40078
941
1
1
1
11016
12016
13016
14016
15016
16016
17016
18016
10016
912
1
1
82018
83018
84018
1
1
1
1
85018
86018
87018
1
1
1
80018
982
1
1
1
41082
42082
43082
44082
45082
46082
47082
48082
40082
941
1
1
1
1
1
1
53045
54045
55045
56045
57045
58045
59045
1
1
1
50045
952
1
1
72053
73053
74053
1
1
1
1
1
1
75053
76053
77053
1
1
70053
971
1
1
82078
83078
84078
1
1
1
1
85078
86078
87078
1
80078
982
1
1
1
1
1
53012
54012
55012
56012
57012
58012
59012
1
50012
952
1
1
1
1
31089
32089
33089
34089
35089
36089
37089
38089
30089
932
1
1
1
21055
22055
23055
24055
25055
26055
27055
28055
20055
921
1
1
1
1
11001
12001
13001
14001
15001
16001
17001
18001
10001
912
1
1
82070
83070
84070
1
1
1
1
85070
86070
87070
1
1
1
1
1
1
1
80070
982
1
1
1
1
1
1
63007
64007
65007
66007
67007
68007
69007
1
60007
961
1
1
1
11020
12020
13020
14020
15020
16020
17020
18020
19020
10020
912
1
1
21019
22019
23019
24019
25019
26019
27019
28019
29019
20019
921
1
1
72065
73065
74065
1
1
1
1
1
75065
76065
77065
1
1
1
70065
971
1
1
1
1
31087
32087
33087
34087
35087
36087
37087
38087
30087
932
1
1
1
1
21059
22059
23059
24059
25059
26059
27059
28059
20059
921
1
1
1
1
1
53003
54003
55003
56003
57003
58003
59003
50003
952
1
1
1
1
21033
22033
23033
24033
25033
26033
27033
28033
20033
921
1
1
53005
54005
55005
56005
57005
58005
59005
50005
952
1
1
1
1
11060
12060
13060
14060
15060
16060
17060
18060
10060
912
1
1
82055
83055
84055
1
1
1
1
1
1
85055
86055
87055
1
1
80055
981
1
1
1
41107
42107
43107
44107
45107
46107
47107
48107
49107
40107
941
1
1
1
31093
32093
33093
34093
35093
36093
37093
38093
39093
30093
932
1
1
72005
73005
74005
1
1
1
1
75005
76005
77005
1
1
70005
971
1
1
1
53051
54051
55051
56051
57051
58051
59051
50051
952
1
1
72060
73060
74060
1
1
1
1
1
75060
76060
77060
1
1
1
1
1
70060
972
1
1
1
21010
22010
23010
24010
25010
26010
27010
28010
20010
921
1
1
1
1
41092
42092
43092
44092
45092
46092
47092
48092
40092
941
1
1
1
1
1
53036
54036
55036
56036
57036
58036
59036
50036
952
1
1
82015
83015
84015
1
1
1
1
85015
86015
87015
1
1
1
80015
981
1
1
21038
22038
23038
24038
25038
26038
27038
28038
29038
20038
921
1
1
82010
83010
84010
1
1
1
85010
86010
87010
1
1
80010
982
1
1
1
41070
42070
43070
44070
45070
46070
47070
48070
40070
941
1
1
82050
83050
84050
1
1
1
1
85050
86050
87050
1
1
1
1
1
1
80050
982
1
1
1
1
31101
32101
33101
34101
35101
36101
37101
38101
39101
30101
932
1
1
1
1
1
1
63004
64004
65004
66004
67004
68004
69004
60004
961
1
1
1
11039
12039
13039
14039
15039
16039
17039
18039
19039
10039
912
1
1
72025
73025
74025
1
1
1
75025
76025
77025
1
1
70025
971
1
1
1
31071
32071
33071
34071
35071
36071
37071
38071
30071
932
1
1
1
1
1
1
63019
64019
65019
66019
67019
68019
69019
1
1
1
60019
961
1
1
82030
83030
84030
1
1
1
1
85030
86030
87030
1
1
80030
982
1
1
1
1
1
53018
54018
55018
56018
57018
58018
59018
1
1
50018
952
1
1
72020
73020
74020
1
1
1
1
75020
76020
77020
1
1
70020
972
1
1
1
21003
22003
23003
24003
25003
26003
27003
28003
29003
1
20003
921
1
1
72080
73080
74080
1
1
1
1
75080
76080
77080
70080
972
1
1
1
63052
64052
65052
66052
67052
68052
69052
1
1
60052
961
1
1
1
1
31108
32108
33108
34108
35108
36108
37108
38108
30108
932
1
1
1
1
11034
12034
13034
14034
15034
16034
17034
18034
10034
912
1
1
72045
73045
74045
1
1
1
1
1
75045
76045
77045
1
1
1
70045
971
1
1
1
1
41062
42062
43062
44062
45062
46062
47062
48062
40062
941
1
1
1
41100
42100
43100
44100
45100
46100
47100
48100
40100
941
1
1
72040
73040
74040
1
1
1
75040
76040
77040
1
1
1
1
1
70040
972
1
1
1
1
1
53054
54054
55054
56054
57054
58054
59054
50054
952
1
1
1
41086
42086
43086
44086
45086
46086
47086
48086
40086
941
1
1
1
11011
12011
13011
14011
15011
16011
17011
18011
10011
912
1
1
1
63060
64060
65060
66060
67060
68060
69060
1
60060
961
1
1
1
31061
32061
33061
34061
35061
36061
37061
38061
30061
932
1
1
82075
83075
84075
1
1
1
1
1
85075
86075
87075
1
1
1
80075
981
1
1
82035
83035
84035
1
1
1
1
85035
86035
87035
1
1
1
80035
981
1
1
1
1
1
63038
64038
65038
66038
67038
68038
69038
1
60038
961
1
1
1
1
11009
12009
13009
14009
15009
16009
17009
18009
19009
10009
912
1
1
1
1
63042
64042
65042
66042
67042
68042
69042
60042
961
1
1
1
1
53006
54006
55006
56006
57006
58006
50006
952
1
1
82031
83031
84031
1
1
1
1
1
85031
86031
87031
1
1
1
1
80031
981
1
1
41114
42114
43114
44114
45114
46114
47114
48114
40114
941
1
1
1
11046
12046
13046
14046
15046
16046
17046
18046
10046
912
1
1
82051
83051
84051
1
1
1
1
85051
86051
87051
1
1
80051
981
1
1
72061
73061
74061
1
1
1
1
1
1
75061
76061
77061
1
1
1
1
70061
971
1
1
1
1
1
1
53028
54028
55028
56028
57028
58028
59028
1
1
50028
952
1
1
21051
22051
23051
24051
25051
26051
27051
28051
20051
921
1
1
1
1
31110
32110
33110
34110
35110
36110
37110
38110
30110
932
1
1
1
1
63059
64059
65059
66059
67059
68059
69059
1
60059
961
1
1
72076
73076
74076
1
1
1
1
75076
76076
77076
1
1
1
1
1
70076
972
1
1
1
53035
54035
55035
56035
57035
58035
50035
952
1
53056
54056
55056
56056
57056
58056
59056
1
50056
952
1
1
1
21035
22035
23035
24035
25035
26035
27035
28035
29035
20035
921
1
1
1
72001
73001
74001
1
1
1
1
75001
76001
77001
1
1
70001
971
1
1
1
31075
32075
33075
34075
35075
36075
37075
38075
30075
932
1
1
1
63022
64022
65022
66022
67022
68022
69022
1
60022
961
1
1
31115
32115
33115
34115
35115
36115
37115
38115
39115
30115
932
1
1
82026
83026
84026
1
1
1
85026
86026
87026
1
1
1
1
1
80026
982
1
1
1
41094
42094
43094
44094
45094
46094
47094
48094
49094
40094
941
1
1
1
53020
54020
55020
56020
57020
58020
59020
50020
952
1
1
1
11023
12023
13023
14023
15023
16023
17023
18023
10023
912
1
1
72021
73021
74021
1
1
1
1
75021
76021
77021
1
1
1
70021
971
1
1
1
21021
22021
23021
24021
25021
26021
27021
28021
20021
921
1
1
1
63009
64009
65009
66009
67009
68009
69009
60009
961
1
1
31073
32073
33073
34073
35073
36073
37073
38073
30073
932
1
1
1
63021
64021
65021
66021
67021
68021
69021
60021
961
1
1
1
31103
32103
33103
34103
35103
36103
37103
38103
30103
932
1
1
72036
73036
74036
1
1
1
1
1
75036
76036
77036
1
1
1
1
70036
972
1
1
1
11022
12022
13022
14022
15022
16022
17022
18022
19022
10022
912
1
1
82071
83071
84071
1
1
1
1
85071
86071
87071
1
1
1
1
80071
981
1
1
11052
12052
13052
14052
15052
16052
17052
18052
10052
912
1
1
82066
83066
84066
1
1
1
1
85066
86066
87066
1
1
1
80066
982
1
1
1
1
11041
12041
13041
14041
15041
16041
17041
18041
19041
10041
912
1
1
82011
83011
84011
1
1
1
1
85011
86011
87011
1
1
1
1
80011
981
1
1
1
53041
54041
55041
56041
57041
58041
59041
1
50041
952
1
1
72041
73041
74041
1
1
1
1
75041
76041
77041
1
1
1
70041
971
1
1
1
21045
22045
23045
24045
25045
26045
27045
28045
29045
20045
921
1
1
1
1
41102
42102
43102
44102
45102
46102
47102
48102
40102
941
1
1
1
82006
83006
84006
1
1
1
85006
86006
87006
1
1
80006
982
1
1
1
1
41074
42074
43074
44074
45074
46074
47074
48074
40074
941
1
1
82046
83046
84046
1
1
1
85046
86046
87046
1
1
1
80046
982
1
1
1
1
21012
22012
23012
24012
25012
26012
27012
28012
20012
921
1
1
1
1
31095
32095
33095
34095
35095
36095
37095
38095
30095
932
1
1
72056
73056
74056
1
1
1
1
75056
76056
77056
1
1
1
70056
972
1
1
1
41109
42109
43109
44109
45109
46109
47109
48109
49109
40109
941
1
1
1
41072
42072
43072
44072
45072
46072
47072
48072
40072
941
1
1
1
1
1
1
63053
64053
65053
66053
67053
68053
69053
1
1
60053
961
1
1
72016
73016
74016
1
1
1
1
1
1
1
75016
76016
77016
1
1
1
1
1
70016
972
1
1
1
1
1
21040
22040
23040
24040
25040
26040
27040
28040
29040
20040
921
1
1
1
1
31077
32077
33077
34077
35077
36077
37077
38077
30077
932
1
1
1
1
1
1
63044
64044
65044
66044
67044
68044
60044
961
1
1
63011
64011
65011
66011
67011
68011
69011
1
60011
961
1
1
82022
83022
84022
1
1
1
1
85022
86022
87022
1
1
80022
982
1
1
1
1
41116
42116
43116
44116
45116
46116
47116
48116
40116
941
1
1
1
21013
22013
23013
24013
25013
26013
27013
28013
20013
921
1
1
1
1
63032
64032
65032
66032
67032
68032
69032
1
1
60032
961
1
1
1
1
1
53027
54027
55027
56027
57027
58027
59027
1
1
50027
952
1
1
1
1
21047
22047
23047
24047
25047
26047
27047
28047
29047
20047
921
1
1
1
1
53057
54057
55057
56057
57057
58057
59057
1
50057
952
1
1
1
1
41068
42068
43068
44068
45068
46068
47068
48068
40068
941
1
1
1
1
53043
54043
55043
56043
57043
58043
59043
50043
952
1
1
1
63024
64024
65024
66024
67024
68024
69024
1
60024
961
1
1
1
11014
12014
13014
14014
15014
16014
17014
18014
10014
912
1
1
1
21024
22024
23024
24024
25024
26024
27024
28024
29024
20024
921
1
1
72037
73037
74037
1
1
1
1
75037
76037
77037
1
1
1
70037
971
1
1
1
31112
32112
33112
34112
35112
36112
37112
38112
39112
30112
932
1
1
72012
73012
74012
1
1
1
1
1
75012
76012
77012
1
70012
972
1
1
21053
22053
23053
24053
25053
26053
27053
28053
20053
921
1
1
1
53023
54023
55023
56023
57023
58023
50023
952
1
1
1
41076
42076
43076
44076
45076
46076
47076
48076
40076
941
1
1
72072
73072
74072
1
1
1
1
1
75072
76072
77072
1
70072
972
1
1
1
53040
54040
55040
56040
57040
58040
50040
952
1
1
1
21007
22007
23007
24007
25007
26007
27007
28007
20007
921
1
1
72052
73052
74052
1
1
1
1
1
75052
76052
77052
1
1
1
1
70052
972
1
1
1
21042
22042
23042
24042
25042
26042
27042
28042
20042
921
1
1
82047
83047
84047
1
1
1
1
85047
86047
87047
1
80047
981
1
1
1
41104
42104
43104
44104
45104
46104
47104
48104
40104
941
1
1
1
1
31066
32066
33066
34066
35066
36066
37066
38066
30066
932
1
1
1
1
1
53010
54010
55010
56010
57010
58010
59010
50010
952
1
1
1
1
41111
42111
43111
44111
45111
46111
47111
48111
40111
941
1
1
1
1
31081
32081
33081
34081
35081
36081
37081
38081
30081
932
1
1
1
72077
73077
74077
1
1
1
1
75077
76077
77077
1
1
1
1
70077
971
1
1
1
11025
12025
13025
14025
15025
16025
17025
18025
19025
10025
912
1
1
72017
73017
74017
1
1
1
1
75017
76017
77017
1
1
1
70017
971
1
1
1
31105
32105
33105
34105
35105
36105
37105
38105
30105
932
1
1
82067
83067
84067
1
1
1
1
1
85067
86067
87067
1
1
1
1
80067
981
1
1
72032
73032
74032
1
1
1
1
75032
76032
77032
1
1
1
70032
972
1
1
41096
42096
43096
44096
45096
46096
47096
48096
40096
941
1
1
82007
83007
84007
1
1
1
1
85007
86007
87007
1
1
1
1
80007
981
1
1
1
1
1
11043
12043
13043
14043
15043
16043
17043
18043
19043
10043
912
1
1
1
11054
12054
13054
14054
15054
16054
17054
18054
10054
912
1
1
82042
83042
84042
1
1
1
1
1
85042
86042
87042
1
1
1
1
80042
982
1
1
1
1
63055
64055
65055
66055
67055
68055
69055
1
60055
961
1
1
82002
83002
84002
1
1
1
1
85002
86002
87002
1
1
1
80002
982
1
1
1
1
1
63015
64015
65015
66015
67015
68015
69015
1
60015
961
1
1
1
11048
12048
13048
14048
15048
16048
17048
18048
10048
912
1
1
1
1
11008
12008
13008
14008
15008
16008
17008
18008
10008
912
1
1
82027
83027
84027
1
1
1
1
1
85027
86027
87027
1
1
80027
981
1
1
1
1
31117
32117
33117
34117
35117
36117
37117
38117
39117
1
30117
932
1
1
72057
73057
74057
1
1
1
1
1
75057
76057
77057
1
1
1
1
70057
971
1
1
82062
83062
84062
1
1
1
85062
86062
87062
1
1
1
1
1
80062
982
1
1
1
1
41098
42098
43098
44098
45098
46098
47098
48098
40098
941
1
1
82014
83014
84014
1
1
1
1
1
85014
86014
87014
1
1
1
80014
982
1
1
1
21004
22004
23004
24004
25004
26004
27004
28004
20004
921
1
1
1
1
1
53001
54001
55001
56001
57001
58001
59001
50001
952
1
1
1
1
41084
42084
43084
44084
45084
46084
47084
48084
40084
941
1
1
1
1
53048
54048
55048
56048
57048
58048
59048
1
1
1
50048
952
1
1
1
1
31106
32106
33106
34106
35106
36106
37106
38106
30106
932
1
1
72064
73064
74064
1
1
1
1
75064
76064
77064
1
1
70064
972
1
1
63002
64002
65002
66002
67002
68002
69002
60002
961
1
1
1
1
31099
32099
33099
34099
35099
36099
37099
38099
39099
30099
932
1
1
1
1
1
1
63034
64034
65034
66034
67034
68034
69034
60034
961
1
1
82054
83054
84054
1
1
1
1
85054
86054
87054
1
1
1
80054
982
1
1
1
11032
12032
13032
14032
15032
16032
17032
18032
19032
10032
912
1
1
1
1
1
63017
64017
65017
66017
67017
68017
69017
60017
961
1
1
82074
83074
84074
1
1
1
1
85074
86074
87074
1
1
1
1
1
80074
982
1
1
1
21017
22017
23017
24017
25017
26017
27017
28017
29017
20017
921
1
1
72069
73069
74069
1
1
1
1
1
75069
76069
77069
1
1
70069
971
1
1
1
31085
32085
33085
34085
35085
36085
37085
38085
30085
932
1
1
82019
83019
84019
1
1
1
1
85019
86019
87019
1
1
1
1
80019
981
1
1
11037
12037
13037
14037
15037
16037
17037
18037
19037
10037
912
1
1
82059
83059
84059
1
1
1
1
85059
86059
87059
1
1
1
1
80059
981
1
1
1
1
41080
42080
43080
44080
45080
46080
47080
48080
40080
941
1
1
82079
83079
84079
1
1
1
1
1
85079
86079
87079
1
1
80079
981
1
1
1
11058
12058
13058
14058
15058
16058
17058
18058
10058
912
1
1
72004
73004
74004
1
1
1
1
75004
76004
77004
1
1
1
70004
972
1
1
1
21057
22057
23057
24057
25057
26057
27057
28057
20057
921
1
1
1
1
63031
64031
65031
66031
67031
68031
69031
1
60031
961
1
1
1
11002
12002
13002
14002
15002
16002
17002
18002
10002
912
1
1
1
1
1
53030
54030
55030
56030
57030
58030
59030
50030
952
1
1
1
1
21031
22031
23031
24031
25031
26031
27031
28031
20031
921
1
1
1
63050
64050
65050
66050
67050
68050
60050
961
1
1
72044
73044
74044
1
1
1
1
75044
76044
77044
1
1
1
1
70044
972
1
1
1
11018
12018
13018
14018
15018
16018
17018
18018
10018
912
1
1
1
53008
54008
55008
56008
57008
58008
59008
1
50008
952
1
1
1
1
41120
42120
43120
44120
45120
46120
47120
48120
40120
941
1
1
1
1
53058
54058
55058
56058
57058
58058
59058
1
50058
952
1
1
1
21028
22028
23028
24028
25028
26028
27028
28028
20028
921
1
1
72009
73009
74009
1
1
1
1
75009
76009
77009
1
1
70009
971
1
1
1
1
31069
32069
33069
34069
35069
36069
37069
38069
30069
932
1
1
72024
73024
74024
1
1
1
1
75024
76024
77024
1
1
70024
972
1
1
1
41064
42064
43064
44064
45064
46064
47064
48064
49064
40064
941
1
1
82039
83039
84039
1
1
1
1
85039
86039
87039
1
1
1
1
80039
981
1
1
1
1
1
63025
64025
65025
66025
67025
68025
69025
1
1
60025
961
1
1
1
31091
32091
33091
34091
35091
36091
37091
38091
30091
932
1
1
1
1
31065
32065
33065
34065
35065
36065
37065
38065
30065
932
1
1
72029
73029
74029
1
1
1
75029
76029
77029
1
1
1
70029
971
1
1
1
53016
54016
55016
56016
57016
58016
59016
1
50016
952
1
1
72049
73049
74049
1
1
1
1
75049
76049
77049
1
1
1
1
70049
971
1
1
1
21036
22036
23036
24036
25036
26036
27036
28036
20036
921
1
1
82034
83034
84034
1
1
1
85034
86034
87034
1
1
1
80034
982
1
1
1
1
41090
42090
43090
44090
45090
46090
47090
48090
49090
40090
941
1
1
1
11029
12029
13029
14029
15029
16029
17029
18029
10029
912
